+--------+---------------+---------------------+---------------------+---------------------+
| model  | Working Point |        actDCF       |        minDCF       |        C_prim       |
+--------+---------------+---------------------+---------------------+---------------------+
|  MVG   |  (0.1, 1, 1)  | 0.47591586062701297 |  0.2529328144456445 |          -          |
|  MVG   |  (0.5, 1, 1)  | 0.10505528141703195 | 0.07490466089651186 |          -          |
|   -    |       -       |          -          |          -          |  0.1639187376710782 |
| logreg |  (0.1, 1, 1)  |  0.302532967493803  | 0.26169920056891083 |          -          |
| logreg |  (0.5, 1, 1)  |  0.0987452099337616 | 0.08866853969543047 |          -          |
|   -    |       -       |          -          |          -          | 0.17518387013217065 |
|  SVM   |  (0.1, 1, 1)  |  0.9725807779054934 |  0.2549989792489278 |          -          |
|  SVM   |  (0.5, 1, 1)  | 0.09924198962463757 | 0.08160924489789605 |          -          |
|   -    |       -       |          -          |          -          | 0.16830411207341192 |
|  GMM   |  (0.1, 1, 1)  |  0.2946805075585698 |  0.2946805075585698 |          -          |
|  GMM   |  (0.5, 1, 1)  | 0.09668685204933147 | 0.09668685204933147 |          -          |
|   -    |       -       |          -          |          -          | 0.19568367980395063 |
+--------+---------------+---------------------+---------------------+---------------------+
MVG scores app1: [-4.33486326e+01  6.56837140e+00  5.71963773e+00  7.79940676e+00
  6.94288093e+00  4.47687718e+00  1.72079850e+00 -2.05270660e+01
  7.32625810e+00  1.32481718e+01 -2.52423787e+01 -2.93306669e+01
  9.70019700e+00  5.44407580e+00  2.02089373e+00 -1.65410994e+01
  5.73307693e+00  6.03494292e+00  5.24294909e+00 -9.80912276e+01
 -1.92844603e+01 -5.92352872e+00  6.63575865e+00 -2.26946992e+00
 -3.08466826e+00  2.32139043e+00  8.75259579e+00 -8.47356503e+00
  6.37300742e+00  7.08832611e+00 -8.09835684e+00  5.75826394e+00
  7.17260847e+00  8.48404444e+00 -1.20061208e+02  6.21749341e+00
  6.34230967e+00  6.30430758e+00 -2.20484346e+01  5.40637284e+00
  2.68479875e+00 -5.76329240e+01 -8.73924522e+00  1.08681187e+00
 -8.57264342e+00  4.52779361e+00  7.69177983e+00 -1.26979440e+01
  5.13571036e+00  8.06427744e+00 -4.71401328e+01  6.89838979e+00
  7.68019022e+00  5.21567838e+00  6.68724677e+00 -7.92248354e+01
 -4.50332510e+01 -4.54353180e+01 -3.46390745e+00  4.07438520e+00
 -2.42355025e+01  5.90935096e+00 -2.24399128e+01 -1.50184687e+01
 -1.02218725e+02  5.72891121e+00 -5.02465963e+01  9.41743646e+00
  7.08565585e+00 -7.55556824e+01  4.93172045e+00 -7.30812993e+00
  5.02128826e+00  6.13651401e+00 -3.36999733e+01  5.16202547e-02
 -7.37361638e+01  5.58106914e+00  5.84400953e+00 -7.82040054e+00
 -4.13633663e-01  6.98319170e+00  5.17661075e+00 -2.41766712e+00
 -4.41636667e+01 -8.37042008e+01  6.58987327e+00  8.26391092e+00
  8.39347546e+00 -1.32536466e+01  7.16536273e+00  6.23670072e+00
  6.04664534e+00 -5.37610111e+01 -9.93871115e+00  5.55396326e+00
  7.26371879e+00  6.06632259e+00  5.74825946e+00 -2.52979832e+01
 -1.51091336e+02 -6.56763613e+00  6.07830558e+00 -2.25284759e+01
  8.38620262e+00  6.70731265e+00  9.30247258e+00  5.84333526e+00
 -5.35637627e+01  7.20728597e+00 -4.82452124e+01 -7.65491274e+01
 -4.91168147e+01 -6.26777005e+01 -4.82692532e+01  4.84433158e+00
 -1.46772447e+01 -3.05557658e+01 -1.54017418e+01  6.37165230e+00
 -2.72338651e+01 -8.63830549e+01  5.46774866e+00 -2.53849888e+01
 -2.37247338e+01 -1.54272823e+02  5.60262262e+00  5.71150625e+00
  5.56166913e+00 -3.07332987e+01  7.46230704e+00  7.33526389e+00
  7.43062502e+00  6.62812059e+00  1.27656028e+01 -1.60116592e+01
  5.57167868e+00 -1.23741466e+01  5.96245691e+00  6.47592532e+00
  7.62020545e+00  9.07779819e+00  6.04552726e+00  6.89285071e+00
  4.83801752e+00 -1.92898394e+01  6.64390428e+00  5.79970263e+00
 -1.19905667e+01 -3.50006941e+01 -4.23993858e+01 -1.38563074e+02
  5.95475180e+00  6.03432312e+00 -1.34028442e+01 -9.17955294e+01
 -2.87639022e+01 -2.30126530e+01  5.24539488e+00  6.29123140e+00
 -8.61652755e+00 -7.31758727e+00 -3.43634832e+01 -3.46325196e+01
 -1.21456125e+00 -1.62221518e+01  7.97464329e+00  4.35397250e+00
 -7.70966100e+01 -1.28833508e+00  5.86929289e+00 -1.18356508e+01
 -8.28298162e+01  6.17419840e+00 -1.38384958e+00 -5.36926324e+00
 -1.05191303e+01 -3.72858281e+01 -9.87310479e+00  4.44768035e+00
  5.68317993e+00  4.45899813e+00  6.79833125e+00 -9.20279060e+01
 -3.29086444e+01 -6.98051968e+01  5.90301230e+00 -8.04004828e+00
 -1.86964395e+01 -9.83419416e+01  5.43370568e+00  7.56732304e+00
  5.60495028e+00 -2.80610637e+01  6.35773196e+00  6.99176550e+00
  5.01987171e+00 -9.98773727e+00 -1.04712484e+02 -3.08458777e+01
  3.44599253e+00  3.77949688e+00 -2.76668384e+01  5.65863081e+00
 -2.45103107e+02 -1.44939929e+01  2.79403294e+00 -4.38770491e+01
 -8.90997511e+01 -2.59729504e+01  6.87622366e+00 -3.77863565e+01
  4.71137637e+00  3.94661566e+00  7.52249204e+00  2.01222215e+00
 -3.82486850e+01  4.28264598e+00  5.74221095e+00 -1.58196638e+01
 -2.55922355e+01  3.60498047e+00  1.47498626e+00 -2.01228738e+01
 -9.41849019e+00 -2.44313585e+01  9.93605247e+00  6.64666395e+00
  5.05359884e+00 -5.79113224e+01  3.08942514e+00  5.35632471e+00
  2.42386119e+00  7.80208215e+00  6.01979676e+00  4.79124465e+00
  6.00248133e+00 -3.79362092e+00 -6.83794435e+01  4.54070194e+00
 -4.32669581e+01  1.14481630e+00 -1.35734401e+01 -4.95658531e+01
  8.29404219e+00  2.42350101e+00 -7.16115374e+01 -2.03633458e+00
 -2.89724516e+01 -9.47472683e+00 -2.57732614e+01  6.07494120e+00
 -3.50399680e+01  4.27496857e+00 -6.35616189e+01 -5.68903930e+01
 -5.21654041e+01 -1.18161954e+01 -3.62623179e+00 -5.09466959e+01
 -9.04873686e+00  6.87833236e+00 -5.31450210e+01 -3.37011872e+01
  5.51851709e+00 -3.19692272e+01 -6.02267867e+00  5.57444656e+00
  1.09497869e+01 -2.70077831e+01 -1.30398969e+01  2.16856145e+00
 -1.49920086e+01 -2.76485929e+01 -1.45007572e+01  5.87442089e+00
  6.38742089e+00 -2.32043916e+01 -6.47606568e+01 -3.16792654e+01
 -1.01946088e+02  4.06148563e+00  6.58932930e+00  5.60546633e+00
  7.04732166e+00 -6.60388266e+00 -1.64603540e+01  5.59132314e+00
 -2.89863979e+01 -3.46020913e+01 -7.82667825e+01 -3.98723178e+01
  7.63408332e+00 -2.50125809e+01  6.47982060e+00  6.43322829e+00
 -7.53789476e+01  9.32046000e+00  1.75577768e+00  5.88250616e+00
  6.34080887e+00 -5.60737777e+01 -3.57073824e+00  6.99775953e+00
  6.89736148e+00  6.47713488e+00  8.12252610e+00  6.86337661e+00
  8.76201845e+00 -2.63852479e+01 -9.69158873e+01 -2.44200281e+01
 -5.51468698e+00  5.79558543e+00  6.90435045e+00 -2.81385251e+01
 -9.99383139e+00  1.14720107e+01  6.53619816e+00  2.60803551e+00
  6.74814066e+00 -6.92116509e+00 -5.14088005e+01  5.61999926e+00
  6.64811108e+00  7.73719636e+00 -7.32869476e+00  1.11531320e+01
  4.88606255e+00 -6.22675589e+01 -1.60943303e+01  5.26179603e+00
  5.25621114e+00 -2.98306895e+01 -5.52627925e+00  2.35209495e+00
 -4.03591332e+01 -8.58297032e+00  6.54879753e+00 -7.67731229e+00
  6.70579428e+00  7.72603676e+00  7.75063625e+00  3.03795333e-01
 -3.89033943e+01  5.19712600e+00 -5.21518142e+00 -2.71396051e+01
 -5.16059164e+01  8.00603563e+00 -1.54672835e-01 -5.25974121e+01
  6.76563231e+00  6.53480627e+00  5.44105787e+00 -1.09324069e+01
  6.01742881e+00  4.27526192e+00  3.32678489e+00 -1.91136823e+01
 -7.61245644e+00  6.16682424e+00  6.29075732e+00 -6.02195978e+01
 -4.70679738e+01  5.75298821e+00  3.02004948e+00 -2.16330724e+01
 -5.98524968e+00 -3.47417996e+00  9.11481101e+00 -1.87368397e+01
 -5.27650546e+01 -3.52539327e+01 -4.83073259e+01  1.24721608e+01
  7.60488170e+00 -7.23650851e+01 -6.94495823e+01 -1.36981775e+02
  6.21847974e+00 -7.01742612e+00 -8.46945173e+01  3.85642450e+00
 -4.66148554e+00  6.47710211e+00 -1.40525654e+00 -2.40936218e+01
 -1.39452496e+01  6.39399070e+00  5.23758269e+00 -2.40470788e+01
  5.33015847e+00 -4.55279051e+01 -8.10342071e-02 -1.16602963e+02
  5.46239065e+00 -3.82293728e+01  6.56593279e+00  6.34179809e+00
 -9.10376225e+00  4.51818668e+00  1.58442426e+00 -3.53566365e+01
 -2.90353878e+01  7.17785750e+00 -1.94294726e+02 -6.16327406e+01
 -1.28535711e+01 -2.99709820e+01 -2.83390108e+01 -2.79132555e+01
  8.53786169e+00  5.77884020e+00  6.35505355e+00  6.97204781e+00
 -1.14267324e+01 -4.86203166e+01  5.77709289e+00 -1.36803674e+01
 -6.65193334e+00  4.50096229e+00  5.88776164e+00 -5.71533240e+00
 -6.09973735e+01  7.41102575e+00 -4.31096390e+01  7.88431614e+00
  7.33992632e+00 -4.23012211e+00 -1.00160104e+02 -5.58668711e+00
  4.18316397e+00 -7.27839385e+00 -1.16923237e+01  6.13294004e-02
 -5.62120974e+00  5.28389074e+00  5.29833933e+00 -3.00474343e+01
  6.51623876e+00  7.78580480e+00 -1.36748174e+01 -1.48270803e+01
  6.60865811e+00  8.45490172e+00 -6.61257779e+01 -3.69667183e+01
  8.14726625e+00 -1.05303479e+00 -3.91178272e+01  4.21477519e+00
 -3.52373428e+01  8.53706012e+00 -4.56296736e+01 -7.05692552e+01
 -1.30798288e+01  6.03398347e+00  4.32177219e+00  5.56125264e+00
  9.15596341e+00 -1.98291339e+01  6.44391158e+00 -1.68621111e+00
 -1.19619645e+01 -1.64740710e+01 -5.32549661e+01 -6.07478727e+01
  6.83093158e+00  7.57937234e+00  6.56278433e+00  9.38550840e+00
  7.53747896e+00 -1.71233743e+01 -2.80404940e+01 -3.01577766e+01
  5.63170683e+00  1.85658566e+00  4.13155168e+00  6.59671528e+00
 -1.85086505e+01  6.04769827e+00 -1.43505838e+01  8.08630393e+00
  2.45220703e+00  5.68043368e+00  1.11646154e+01  8.14578097e+00
 -1.15356750e+02 -8.71962610e+00  4.76587953e+00  2.50948456e+00
  5.67101411e+00  7.29429613e+00 -4.51542533e+01 -1.06919397e+01
  5.91557323e+00  8.40458770e+00  5.90058604e+00 -1.50665823e+01
 -9.32020761e+01 -8.10420959e+00  5.63013504e+00 -7.51991905e+01
  1.60685799e+00  6.82700937e+00  4.25273613e-01 -2.87180149e+01
  7.61180649e+00 -4.74515158e+01  5.27317393e+00 -7.42497393e+01
 -8.42268247e+01  2.76500933e-01  6.27943427e+00 -1.28809522e+00
  6.12239558e+00 -1.42779555e+00 -6.32201843e+00  4.70810115e+00
 -8.38632157e+00  6.71722127e+00  6.68839799e+00 -5.83556984e+01
 -7.80570971e+01  4.26392661e+00 -1.33366634e+02  3.12826535e+00
  6.15341532e-01 -8.27143493e+01 -3.63250252e+01  4.49947077e+00
  6.29300653e+00 -1.18351766e+01 -1.61262654e+02 -8.34383148e+00
 -1.53291377e+01 -5.02248012e+01  2.54280913e+00  6.30250955e+00
 -3.64188188e+01  4.63752096e+00 -2.14585411e+01 -3.55712692e+01
 -5.07737633e+01 -2.28222579e+01  9.04878235e+00 -1.04973328e+02
 -2.38767203e+01 -3.42103208e+01 -1.56173283e+02 -1.70371598e+01
 -3.30017478e+01  4.91842158e+00 -1.16542697e+01 -3.16174986e+01
 -2.73423538e+01 -3.97087194e+01  2.61766488e+00 -5.42983071e+01
 -1.06706668e+02  6.35094053e+00  6.26487193e+00  1.48090258e+00
 -4.19231408e+01  2.65443065e+00 -8.50270712e+01  6.85717277e+00
  9.99360363e+00 -3.45890387e+01 -4.87318900e+01 -3.91634009e+01
 -1.56480602e+01  8.32467551e+00  8.17577603e+00 -4.15909189e+00
 -3.63321520e+01  5.85085656e+00 -5.11241504e+01  5.32163145e+00
 -3.65068563e+01  5.97762250e+00  3.96263174e+00  6.48601296e+00
 -6.45479332e-01 -1.74985639e+01  1.09915618e+00  6.82578040e+00
  1.79392947e+00 -1.03679306e+02 -5.57425334e+00  3.11609431e+00
  5.32761662e+00  5.90461290e+00 -1.50371943e+02  5.41832752e+00
  5.80461358e+00 -3.19978208e+01 -2.57731331e+01 -3.64284137e+01
  4.31364071e+00  5.11067836e+00  7.68003009e+00  4.53770339e+00
 -1.16115091e+02  8.38794813e+00  2.17442658e+00  9.59582950e+00
 -1.01339693e+02  1.00618708e+01  6.17592803e+00 -4.60276299e+01
 -2.09681265e+01 -2.23338932e+01 -8.19051017e+01 -8.08113130e+00
  8.04747795e+00 -2.08231445e+01 -3.18479989e+01  5.24654566e+00
 -1.78585381e+01  3.47870415e+00  4.91929583e+00  6.95856091e+00
  1.45175472e+00 -7.81489139e+00  7.53766483e+00  3.46240553e+00
  8.02593265e+00 -2.67958649e+01  6.13928288e+00  4.75026771e+00
 -2.25889990e+01 -8.11660613e+01  5.01488724e+00  7.54253006e+00
  3.42809997e+00 -7.11720469e+00  7.02562334e+00 -4.55373982e+01
 -8.92704066e+00 -4.06346017e+01 -3.89804486e+01  5.70434260e+00
 -6.56250378e+01 -2.22655187e+01  5.12450237e+00 -4.23365565e+01
  5.41183151e+00  5.97457425e+00  6.66270542e+00  4.24032446e+00
 -3.95383189e+01  5.68580371e+00  7.23930407e+00 -3.94948725e+01
  5.63984694e+00  4.87833232e+00 -1.93316393e+01  8.59542375e+00
 -7.47332935e+01 -3.22188795e+01  7.29508104e+00  1.68667306e+00
  7.13180886e+00  6.45200516e+00 -7.94545408e+01 -8.23789563e+00
 -8.69460653e+01  7.39039460e+00 -4.21591057e+01 -7.34046823e+01
 -1.22991989e+00 -1.25098839e+02 -7.92694561e+01  1.30138357e+00
  6.65354974e+00 -9.81640535e+01  2.34140810e+00  5.20827407e+00
 -5.35487752e+01 -4.11819037e+01 -5.97811444e+01  5.14903795e+00
  1.86589245e+00  7.40649650e+00  6.59959484e+00 -2.24121055e+01
 -2.51011447e+01 -5.08742179e+01 -1.05459378e+02  6.30114388e+00
  4.92320082e+00  2.98363382e+00 -7.01910445e-01 -6.01170003e+01
  5.45640037e+00  6.27014268e+00  6.00430518e+00  4.92395498e+00]
MVG scores app2: [-4.33486326e+01  6.56837140e+00  5.71963773e+00  7.79940676e+00
  6.94288093e+00  4.47687718e+00  1.72079850e+00 -2.05270660e+01
  7.32625810e+00  1.32481718e+01 -2.52423787e+01 -2.93306669e+01
  9.70019700e+00  5.44407580e+00  2.02089373e+00 -1.65410994e+01
  5.73307693e+00  6.03494292e+00  5.24294909e+00 -9.80912276e+01
 -1.92844603e+01 -5.92352872e+00  6.63575865e+00 -2.26946992e+00
 -3.08466826e+00  2.32139043e+00  8.75259579e+00 -8.47356503e+00
  6.37300742e+00  7.08832611e+00 -8.09835684e+00  5.75826394e+00
  7.17260847e+00  8.48404444e+00 -1.20061208e+02  6.21749341e+00
  6.34230967e+00  6.30430758e+00 -2.20484346e+01  5.40637284e+00
  2.68479875e+00 -5.76329240e+01 -8.73924522e+00  1.08681187e+00
 -8.57264342e+00  4.52779361e+00  7.69177983e+00 -1.26979440e+01
  5.13571036e+00  8.06427744e+00 -4.71401328e+01  6.89838979e+00
  7.68019022e+00  5.21567838e+00  6.68724677e+00 -7.92248354e+01
 -4.50332510e+01 -4.54353180e+01 -3.46390745e+00  4.07438520e+00
 -2.42355025e+01  5.90935096e+00 -2.24399128e+01 -1.50184687e+01
 -1.02218725e+02  5.72891121e+00 -5.02465963e+01  9.41743646e+00
  7.08565585e+00 -7.55556824e+01  4.93172045e+00 -7.30812993e+00
  5.02128826e+00  6.13651401e+00 -3.36999733e+01  5.16202547e-02
 -7.37361638e+01  5.58106914e+00  5.84400953e+00 -7.82040054e+00
 -4.13633663e-01  6.98319170e+00  5.17661075e+00 -2.41766712e+00
 -4.41636667e+01 -8.37042008e+01  6.58987327e+00  8.26391092e+00
  8.39347546e+00 -1.32536466e+01  7.16536273e+00  6.23670072e+00
  6.04664534e+00 -5.37610111e+01 -9.93871115e+00  5.55396326e+00
  7.26371879e+00  6.06632259e+00  5.74825946e+00 -2.52979832e+01
 -1.51091336e+02 -6.56763613e+00  6.07830558e+00 -2.25284759e+01
  8.38620262e+00  6.70731265e+00  9.30247258e+00  5.84333526e+00
 -5.35637627e+01  7.20728597e+00 -4.82452124e+01 -7.65491274e+01
 -4.91168147e+01 -6.26777005e+01 -4.82692532e+01  4.84433158e+00
 -1.46772447e+01 -3.05557658e+01 -1.54017418e+01  6.37165230e+00
 -2.72338651e+01 -8.63830549e+01  5.46774866e+00 -2.53849888e+01
 -2.37247338e+01 -1.54272823e+02  5.60262262e+00  5.71150625e+00
  5.56166913e+00 -3.07332987e+01  7.46230704e+00  7.33526389e+00
  7.43062502e+00  6.62812059e+00  1.27656028e+01 -1.60116592e+01
  5.57167868e+00 -1.23741466e+01  5.96245691e+00  6.47592532e+00
  7.62020545e+00  9.07779819e+00  6.04552726e+00  6.89285071e+00
  4.83801752e+00 -1.92898394e+01  6.64390428e+00  5.79970263e+00
 -1.19905667e+01 -3.50006941e+01 -4.23993858e+01 -1.38563074e+02
  5.95475180e+00  6.03432312e+00 -1.34028442e+01 -9.17955294e+01
 -2.87639022e+01 -2.30126530e+01  5.24539488e+00  6.29123140e+00
 -8.61652755e+00 -7.31758727e+00 -3.43634832e+01 -3.46325196e+01
 -1.21456125e+00 -1.62221518e+01  7.97464329e+00  4.35397250e+00
 -7.70966100e+01 -1.28833508e+00  5.86929289e+00 -1.18356508e+01
 -8.28298162e+01  6.17419840e+00 -1.38384958e+00 -5.36926324e+00
 -1.05191303e+01 -3.72858281e+01 -9.87310479e+00  4.44768035e+00
  5.68317993e+00  4.45899813e+00  6.79833125e+00 -9.20279060e+01
 -3.29086444e+01 -6.98051968e+01  5.90301230e+00 -8.04004828e+00
 -1.86964395e+01 -9.83419416e+01  5.43370568e+00  7.56732304e+00
  5.60495028e+00 -2.80610637e+01  6.35773196e+00  6.99176550e+00
  5.01987171e+00 -9.98773727e+00 -1.04712484e+02 -3.08458777e+01
  3.44599253e+00  3.77949688e+00 -2.76668384e+01  5.65863081e+00
 -2.45103107e+02 -1.44939929e+01  2.79403294e+00 -4.38770491e+01
 -8.90997511e+01 -2.59729504e+01  6.87622366e+00 -3.77863565e+01
  4.71137637e+00  3.94661566e+00  7.52249204e+00  2.01222215e+00
 -3.82486850e+01  4.28264598e+00  5.74221095e+00 -1.58196638e+01
 -2.55922355e+01  3.60498047e+00  1.47498626e+00 -2.01228738e+01
 -9.41849019e+00 -2.44313585e+01  9.93605247e+00  6.64666395e+00
  5.05359884e+00 -5.79113224e+01  3.08942514e+00  5.35632471e+00
  2.42386119e+00  7.80208215e+00  6.01979676e+00  4.79124465e+00
  6.00248133e+00 -3.79362092e+00 -6.83794435e+01  4.54070194e+00
 -4.32669581e+01  1.14481630e+00 -1.35734401e+01 -4.95658531e+01
  8.29404219e+00  2.42350101e+00 -7.16115374e+01 -2.03633458e+00
 -2.89724516e+01 -9.47472683e+00 -2.57732614e+01  6.07494120e+00
 -3.50399680e+01  4.27496857e+00 -6.35616189e+01 -5.68903930e+01
 -5.21654041e+01 -1.18161954e+01 -3.62623179e+00 -5.09466959e+01
 -9.04873686e+00  6.87833236e+00 -5.31450210e+01 -3.37011872e+01
  5.51851709e+00 -3.19692272e+01 -6.02267867e+00  5.57444656e+00
  1.09497869e+01 -2.70077831e+01 -1.30398969e+01  2.16856145e+00
 -1.49920086e+01 -2.76485929e+01 -1.45007572e+01  5.87442089e+00
  6.38742089e+00 -2.32043916e+01 -6.47606568e+01 -3.16792654e+01
 -1.01946088e+02  4.06148563e+00  6.58932930e+00  5.60546633e+00
  7.04732166e+00 -6.60388266e+00 -1.64603540e+01  5.59132314e+00
 -2.89863979e+01 -3.46020913e+01 -7.82667825e+01 -3.98723178e+01
  7.63408332e+00 -2.50125809e+01  6.47982060e+00  6.43322829e+00
 -7.53789476e+01  9.32046000e+00  1.75577768e+00  5.88250616e+00
  6.34080887e+00 -5.60737777e+01 -3.57073824e+00  6.99775953e+00
  6.89736148e+00  6.47713488e+00  8.12252610e+00  6.86337661e+00
  8.76201845e+00 -2.63852479e+01 -9.69158873e+01 -2.44200281e+01
 -5.51468698e+00  5.79558543e+00  6.90435045e+00 -2.81385251e+01
 -9.99383139e+00  1.14720107e+01  6.53619816e+00  2.60803551e+00
  6.74814066e+00 -6.92116509e+00 -5.14088005e+01  5.61999926e+00
  6.64811108e+00  7.73719636e+00 -7.32869476e+00  1.11531320e+01
  4.88606255e+00 -6.22675589e+01 -1.60943303e+01  5.26179603e+00
  5.25621114e+00 -2.98306895e+01 -5.52627925e+00  2.35209495e+00
 -4.03591332e+01 -8.58297032e+00  6.54879753e+00 -7.67731229e+00
  6.70579428e+00  7.72603676e+00  7.75063625e+00  3.03795333e-01
 -3.89033943e+01  5.19712600e+00 -5.21518142e+00 -2.71396051e+01
 -5.16059164e+01  8.00603563e+00 -1.54672835e-01 -5.25974121e+01
  6.76563231e+00  6.53480627e+00  5.44105787e+00 -1.09324069e+01
  6.01742881e+00  4.27526192e+00  3.32678489e+00 -1.91136823e+01
 -7.61245644e+00  6.16682424e+00  6.29075732e+00 -6.02195978e+01
 -4.70679738e+01  5.75298821e+00  3.02004948e+00 -2.16330724e+01
 -5.98524968e+00 -3.47417996e+00  9.11481101e+00 -1.87368397e+01
 -5.27650546e+01 -3.52539327e+01 -4.83073259e+01  1.24721608e+01
  7.60488170e+00 -7.23650851e+01 -6.94495823e+01 -1.36981775e+02
  6.21847974e+00 -7.01742612e+00 -8.46945173e+01  3.85642450e+00
 -4.66148554e+00  6.47710211e+00 -1.40525654e+00 -2.40936218e+01
 -1.39452496e+01  6.39399070e+00  5.23758269e+00 -2.40470788e+01
  5.33015847e+00 -4.55279051e+01 -8.10342071e-02 -1.16602963e+02
  5.46239065e+00 -3.82293728e+01  6.56593279e+00  6.34179809e+00
 -9.10376225e+00  4.51818668e+00  1.58442426e+00 -3.53566365e+01
 -2.90353878e+01  7.17785750e+00 -1.94294726e+02 -6.16327406e+01
 -1.28535711e+01 -2.99709820e+01 -2.83390108e+01 -2.79132555e+01
  8.53786169e+00  5.77884020e+00  6.35505355e+00  6.97204781e+00
 -1.14267324e+01 -4.86203166e+01  5.77709289e+00 -1.36803674e+01
 -6.65193334e+00  4.50096229e+00  5.88776164e+00 -5.71533240e+00
 -6.09973735e+01  7.41102575e+00 -4.31096390e+01  7.88431614e+00
  7.33992632e+00 -4.23012211e+00 -1.00160104e+02 -5.58668711e+00
  4.18316397e+00 -7.27839385e+00 -1.16923237e+01  6.13294004e-02
 -5.62120974e+00  5.28389074e+00  5.29833933e+00 -3.00474343e+01
  6.51623876e+00  7.78580480e+00 -1.36748174e+01 -1.48270803e+01
  6.60865811e+00  8.45490172e+00 -6.61257779e+01 -3.69667183e+01
  8.14726625e+00 -1.05303479e+00 -3.91178272e+01  4.21477519e+00
 -3.52373428e+01  8.53706012e+00 -4.56296736e+01 -7.05692552e+01
 -1.30798288e+01  6.03398347e+00  4.32177219e+00  5.56125264e+00
  9.15596341e+00 -1.98291339e+01  6.44391158e+00 -1.68621111e+00
 -1.19619645e+01 -1.64740710e+01 -5.32549661e+01 -6.07478727e+01
  6.83093158e+00  7.57937234e+00  6.56278433e+00  9.38550840e+00
  7.53747896e+00 -1.71233743e+01 -2.80404940e+01 -3.01577766e+01
  5.63170683e+00  1.85658566e+00  4.13155168e+00  6.59671528e+00
 -1.85086505e+01  6.04769827e+00 -1.43505838e+01  8.08630393e+00
  2.45220703e+00  5.68043368e+00  1.11646154e+01  8.14578097e+00
 -1.15356750e+02 -8.71962610e+00  4.76587953e+00  2.50948456e+00
  5.67101411e+00  7.29429613e+00 -4.51542533e+01 -1.06919397e+01
  5.91557323e+00  8.40458770e+00  5.90058604e+00 -1.50665823e+01
 -9.32020761e+01 -8.10420959e+00  5.63013504e+00 -7.51991905e+01
  1.60685799e+00  6.82700937e+00  4.25273613e-01 -2.87180149e+01
  7.61180649e+00 -4.74515158e+01  5.27317393e+00 -7.42497393e+01
 -8.42268247e+01  2.76500933e-01  6.27943427e+00 -1.28809522e+00
  6.12239558e+00 -1.42779555e+00 -6.32201843e+00  4.70810115e+00
 -8.38632157e+00  6.71722127e+00  6.68839799e+00 -5.83556984e+01
 -7.80570971e+01  4.26392661e+00 -1.33366634e+02  3.12826535e+00
  6.15341532e-01 -8.27143493e+01 -3.63250252e+01  4.49947077e+00
  6.29300653e+00 -1.18351766e+01 -1.61262654e+02 -8.34383148e+00
 -1.53291377e+01 -5.02248012e+01  2.54280913e+00  6.30250955e+00
 -3.64188188e+01  4.63752096e+00 -2.14585411e+01 -3.55712692e+01
 -5.07737633e+01 -2.28222579e+01  9.04878235e+00 -1.04973328e+02
 -2.38767203e+01 -3.42103208e+01 -1.56173283e+02 -1.70371598e+01
 -3.30017478e+01  4.91842158e+00 -1.16542697e+01 -3.16174986e+01
 -2.73423538e+01 -3.97087194e+01  2.61766488e+00 -5.42983071e+01
 -1.06706668e+02  6.35094053e+00  6.26487193e+00  1.48090258e+00
 -4.19231408e+01  2.65443065e+00 -8.50270712e+01  6.85717277e+00
  9.99360363e+00 -3.45890387e+01 -4.87318900e+01 -3.91634009e+01
 -1.56480602e+01  8.32467551e+00  8.17577603e+00 -4.15909189e+00
 -3.63321520e+01  5.85085656e+00 -5.11241504e+01  5.32163145e+00
 -3.65068563e+01  5.97762250e+00  3.96263174e+00  6.48601296e+00
 -6.45479332e-01 -1.74985639e+01  1.09915618e+00  6.82578040e+00
  1.79392947e+00 -1.03679306e+02 -5.57425334e+00  3.11609431e+00
  5.32761662e+00  5.90461290e+00 -1.50371943e+02  5.41832752e+00
  5.80461358e+00 -3.19978208e+01 -2.57731331e+01 -3.64284137e+01
  4.31364071e+00  5.11067836e+00  7.68003009e+00  4.53770339e+00
 -1.16115091e+02  8.38794813e+00  2.17442658e+00  9.59582950e+00
 -1.01339693e+02  1.00618708e+01  6.17592803e+00 -4.60276299e+01
 -2.09681265e+01 -2.23338932e+01 -8.19051017e+01 -8.08113130e+00
  8.04747795e+00 -2.08231445e+01 -3.18479989e+01  5.24654566e+00
 -1.78585381e+01  3.47870415e+00  4.91929583e+00  6.95856091e+00
  1.45175472e+00 -7.81489139e+00  7.53766483e+00  3.46240553e+00
  8.02593265e+00 -2.67958649e+01  6.13928288e+00  4.75026771e+00
 -2.25889990e+01 -8.11660613e+01  5.01488724e+00  7.54253006e+00
  3.42809997e+00 -7.11720469e+00  7.02562334e+00 -4.55373982e+01
 -8.92704066e+00 -4.06346017e+01 -3.89804486e+01  5.70434260e+00
 -6.56250378e+01 -2.22655187e+01  5.12450237e+00 -4.23365565e+01
  5.41183151e+00  5.97457425e+00  6.66270542e+00  4.24032446e+00
 -3.95383189e+01  5.68580371e+00  7.23930407e+00 -3.94948725e+01
  5.63984694e+00  4.87833232e+00 -1.93316393e+01  8.59542375e+00
 -7.47332935e+01 -3.22188795e+01  7.29508104e+00  1.68667306e+00
  7.13180886e+00  6.45200516e+00 -7.94545408e+01 -8.23789563e+00
 -8.69460653e+01  7.39039460e+00 -4.21591057e+01 -7.34046823e+01
 -1.22991989e+00 -1.25098839e+02 -7.92694561e+01  1.30138357e+00
  6.65354974e+00 -9.81640535e+01  2.34140810e+00  5.20827407e+00
 -5.35487752e+01 -4.11819037e+01 -5.97811444e+01  5.14903795e+00
  1.86589245e+00  7.40649650e+00  6.59959484e+00 -2.24121055e+01
 -2.51011447e+01 -5.08742179e+01 -1.05459378e+02  6.30114388e+00
  4.92320082e+00  2.98363382e+00 -7.01910445e-01 -6.01170003e+01
  5.45640037e+00  6.27014268e+00  6.00430518e+00  4.92395498e+00]
logreg scores app1: [-3.51561186e+01  4.36059209e+00  4.50746777e+00  5.09047606e+00
  3.68903019e+00  1.78627988e+00  1.65820655e-02 -1.78956592e+01
  3.26222263e+00  1.09378964e+01 -2.27527270e+01 -2.70425260e+01
  3.48184843e+00  2.65311634e+00  4.13444095e-01 -1.64452588e+01
  2.30243532e+00  2.99166460e+00  2.97568800e+00 -8.37981391e+01
 -1.55957013e+01 -6.02043377e+00  3.26611947e+00 -4.66072381e+00
 -4.10784224e+00 -2.70098173e-01  6.38992235e+00 -7.91748246e+00
  3.41773802e+00  3.98982827e+00 -6.62091353e+00  3.00969694e+00
  4.17812014e+00  3.34703606e+00 -9.65301260e+01  3.58164043e+00
  4.09665555e+00  4.31549620e+00 -1.98769174e+01  2.31725253e+00
  4.01588590e-01 -4.77694608e+01 -1.03726991e+01 -1.12381450e+00
 -9.58668856e+00  2.20885337e+00  4.59636766e+00 -1.25526878e+01
  2.40800027e+00  3.61236616e+00 -3.46890147e+01  3.76067821e+00
  4.63509389e+00  2.84556697e+00  2.97142571e+00 -6.58967077e+01
 -4.04123207e+01 -4.00374673e+01 -5.83071680e+00  2.57721476e+00
 -2.17955372e+01  2.80243223e+00 -1.71624268e+01 -1.28230546e+01
 -8.22515301e+01  4.24995232e+00 -3.89720435e+01  5.24566602e+00
  4.36493882e+00 -6.72483732e+01  2.90025934e+00 -7.31331783e+00
  2.64820766e+00  3.08559650e+00 -2.90011825e+01 -4.58688733e+00
 -5.20116120e+01  2.32626963e+00  2.52155883e+00 -8.42774728e+00
 -2.29941406e+00  4.16136919e+00  1.86185400e+00 -4.96475389e+00
 -3.80609628e+01 -5.66061025e+01  3.43679573e+00  6.79113925e+00
  3.57561977e+00 -1.30023716e+01  3.87918619e+00  3.65025445e+00
  2.18846248e+00 -4.78853676e+01 -1.04430626e+01  2.62495117e+00
  4.41436020e+00  3.04299515e+00  2.84306642e+00 -2.36133406e+01
 -1.28411149e+02 -7.39490684e+00  4.04122046e+00 -1.83011235e+01
  6.35928296e+00  3.35730204e+00  5.13734036e+00  3.08030224e+00
 -4.36389768e+01  3.32724234e+00 -4.68791771e+01 -6.37065208e+01
 -3.97806127e+01 -5.36023087e+01 -3.87934453e+01  2.91257898e+00
 -1.13343380e+01 -2.97951264e+01 -1.32056751e+01  3.69338842e+00
 -2.69963316e+01 -7.79988514e+01  2.24461336e+00 -2.17763727e+01
 -2.20617888e+01 -1.30944928e+02  2.93220776e+00  2.51737099e+00
  1.54423723e+00 -2.73233869e+01  4.39120925e+00  4.90412802e+00
  5.94691806e+00  3.95568526e+00  9.40271854e+00 -1.58009780e+01
  2.55061194e+00 -9.17777564e+00  2.69861887e+00  2.80586530e+00
  5.45505711e+00  5.61846059e+00  3.11046156e+00  2.95252755e+00
  2.69501025e+00 -1.71438798e+01  4.46928937e+00  2.26954766e+00
 -1.30903224e+01 -3.11954236e+01 -4.01642947e+01 -1.20613658e+02
  2.99031312e+00  3.29358974e+00 -1.36423718e+01 -7.71571094e+01
 -2.61798483e+01 -1.63551186e+01  2.80038306e+00  3.56532609e+00
 -1.05314747e+01 -7.05950011e+00 -2.56481420e+01 -3.08795818e+01
 -3.48516968e+00 -1.82767596e+01  5.85719755e+00  1.98946236e+00
 -6.27777595e+01 -3.06182385e+00  2.90050558e+00 -9.71368531e+00
 -6.50709003e+01  3.18222356e+00 -2.98422027e+00 -5.81009510e+00
 -9.16076939e+00 -3.18432269e+01 -1.12842728e+01  1.62467023e+00
  3.25078532e+00  1.75898530e+00  3.62374800e+00 -7.94741558e+01
 -2.76749731e+01 -5.76285148e+01  3.46264975e+00 -6.95187340e+00
 -1.47560344e+01 -7.96097909e+01  2.97687651e+00  4.23257213e+00
  2.55122635e+00 -2.18177231e+01  3.71158091e+00  3.97995162e+00
  2.75424915e+00 -8.97011916e+00 -9.03243346e+01 -2.80306592e+01
  1.76020531e+00  1.55699077e+00 -2.39322693e+01  3.81866942e+00
 -2.02177036e+02 -1.47055401e+01 -5.02024693e-01 -4.11317210e+01
 -7.92819246e+01 -2.27316388e+01  5.25234433e+00 -3.33971694e+01
  2.21601665e+00  2.09801340e+00  5.07123591e+00 -6.43153027e-01
 -2.63993580e+01  1.26996370e+00  2.80362878e+00 -1.52177826e+01
 -2.46368313e+01 -1.84941058e-01  3.53155149e-01 -1.88663119e+01
 -7.93790749e+00 -1.74117904e+01  6.78011605e+00  4.36043445e+00
  7.20487426e+00 -4.73206672e+01  1.31929125e+00  2.74063410e+00
  3.02545513e-01  4.94416065e+00  3.36198304e+00  2.02801699e+00
  3.87173726e+00 -5.50700875e+00 -5.54116014e+01  2.11678497e+00
 -4.17923727e+01 -1.58614963e+00 -1.48069603e+01 -4.52331737e+01
  5.93333853e+00  4.59542370e-01 -5.31809345e+01 -2.76194937e+00
 -2.07340062e+01 -7.51715159e+00 -2.14187245e+01  3.77718110e+00
 -2.58153953e+01  2.77744353e+00 -5.20014452e+01 -4.86584360e+01
 -4.66380296e+01 -1.14434239e+01 -5.38093970e+00 -4.23987399e+01
 -9.05116467e+00  3.84055067e+00 -4.43660300e+01 -3.04170737e+01
  2.48245122e+00 -2.08631472e+01 -8.62104874e+00  2.52404051e+00
  5.96268004e+00 -1.89715878e+01 -1.26546947e+01  1.84898466e-03
 -1.45886072e+01 -2.34171533e+01 -1.29632985e+01  3.37475082e+00
  3.62113457e+00 -2.43952628e+01 -6.05634810e+01 -2.30889463e+01
 -8.50469431e+01  1.14379990e+00  4.20370626e+00  2.77218427e+00
  4.00214405e+00 -6.73967757e+00 -1.44361849e+01  3.68518338e+00
 -2.47092377e+01 -3.35672324e+01 -5.83927465e+01 -3.54657890e+01
  4.84857807e+00 -1.85514105e+01  3.78542401e+00  4.24079886e+00
 -6.27739192e+01  6.19228112e+00  1.62693045e+00  2.88561004e+00
  3.57522928e+00 -4.75222003e+01 -4.25007355e+00  4.34778663e+00
  3.98010669e+00  3.75415101e+00  4.83218737e+00  4.58544117e+00
  4.61955165e+00 -2.27684821e+01 -7.55972483e+01 -2.29743918e+01
 -5.01045332e+00  3.16623500e+00  4.94072861e+00 -2.42183362e+01
 -1.10046663e+01  8.25669401e+00  4.15594267e+00  6.44317359e-01
  3.31168554e+00 -6.35283234e+00 -3.84535022e+01  3.26677632e+00
  3.23706777e+00  3.29248295e+00 -7.50945431e+00  9.58112484e+00
  1.24545627e+00 -5.18992247e+01 -1.26225961e+01  4.15913560e+00
  2.13442611e+00 -2.25672377e+01 -5.69368763e+00  1.63327960e+00
 -3.60226621e+01 -8.39615780e+00  3.09475949e+00 -7.62760017e+00
  4.36134460e+00  4.11324393e+00  5.62763474e+00 -1.62378180e+00
 -3.41260624e+01  2.54234337e+00 -5.27360636e+00 -2.25111465e+01
 -4.27007708e+01  5.95684970e+00 -1.78626395e+00 -4.68366228e+01
  1.49528783e+00  3.62736479e+00  3.11478463e+00 -1.08299347e+01
  2.27718869e+00  1.57429758e+00 -1.13634716e+00 -1.56758276e+01
 -6.01098326e+00  3.39732832e+00  2.41603887e+00 -5.55581592e+01
 -3.88937710e+01  2.94610589e+00  6.94359360e-01 -2.04279621e+01
 -5.27374171e+00 -5.39100776e+00  6.47643200e+00 -1.60684071e+01
 -4.91696082e+01 -2.82280331e+01 -4.09672775e+01  9.99266077e+00
  5.57762944e+00 -6.64462595e+01 -5.72544176e+01 -1.08903958e+02
  3.34140574e+00 -7.32288922e+00 -7.43474329e+01  1.51337704e+00
 -6.90940643e+00  3.58038729e+00 -3.58757707e+00 -2.29754210e+01
 -1.64973660e+01  3.92069777e+00  2.70957411e+00 -2.08727365e+01
  3.84907279e+00 -3.97702913e+01 -1.98630857e+00 -9.49606811e+01
  3.32651755e+00 -3.40791662e+01  2.95691667e+00  3.06902131e+00
 -9.95681517e+00  1.56945972e+00 -1.40581387e+00 -2.68162954e+01
 -2.37894018e+01  4.06575156e+00 -1.66189491e+02 -5.33298219e+01
 -1.15472953e+01 -2.43959110e+01 -2.55252538e+01 -2.28883037e+01
  6.08345009e+00  2.91538238e+00  3.86361008e+00  4.55041093e+00
 -1.20092985e+01 -3.81096678e+01  3.16722217e+00 -1.25898988e+01
 -8.19100173e+00  2.09462579e+00  3.05856951e+00 -6.19469188e+00
 -4.94865616e+01  4.19040033e+00 -3.51880412e+01  5.81857467e+00
  4.63373498e+00 -4.50955327e+00 -8.81343806e+01 -4.94426173e+00
  1.86349199e+00 -9.29105961e+00 -8.75725355e+00 -9.80323457e-01
 -7.41265691e+00  2.50100409e+00  2.56583878e+00 -1.98483108e+01
  3.13509532e+00  4.58481786e+00 -1.15403938e+01 -1.52782989e+01
  4.14256981e+00  5.80707221e+00 -5.11169636e+01 -2.62071058e+01
  5.53477939e+00 -2.67406607e+00 -3.64027778e+01  2.02356098e+00
 -3.16146065e+01  6.06505154e+00 -4.15847642e+01 -5.09854540e+01
 -1.11535732e+01  2.30755415e+00  2.95600170e+00  2.79360698e+00
  5.28087600e+00 -1.96082088e+01  3.18976629e+00 -4.03525716e+00
 -1.10531704e+01 -1.45245225e+01 -3.79786349e+01 -3.99770970e+01
  3.83080158e+00  5.20752421e+00  3.88565470e+00  7.58791975e+00
  2.17158873e+00 -1.69673841e+01 -2.52092085e+01 -2.43601560e+01
  2.64028796e+00 -5.53400449e-01  1.44691084e+00  4.35406378e+00
 -1.55462728e+01  3.28860348e+00 -1.39255843e+01  5.11986799e+00
  9.94045984e-01  2.58132956e+00  1.08322026e+01  4.53616581e+00
 -9.36845252e+01 -8.01733398e+00  2.22174115e+00  1.78389919e-01
  2.63162841e+00  4.36244455e+00 -4.22714573e+01 -1.13153826e+01
  3.02032492e+00  5.87010470e+00  2.76167971e+00 -1.59501314e+01
 -7.54148705e+01 -8.62690295e+00  2.84246627e+00 -6.35594199e+01
  1.67769824e-01  4.55787741e+00 -1.91632600e+00 -2.34204124e+01
  4.39623650e+00 -4.34690491e+01  2.79307199e+00 -5.37918342e+01
 -7.08343727e+01 -1.57623748e+00  2.98158170e+00 -2.70187929e+00
  3.41635900e+00 -2.20562802e+00 -6.92914165e+00  2.12916262e+00
 -9.69712783e+00  4.25531948e+00  2.28956078e+00 -4.83234217e+01
 -6.39343250e+01  1.35938860e+00 -9.84555261e+01  1.65013303e+00
 -1.08507791e+00 -6.77673296e+01 -3.70076308e+01  2.16607083e+00
  1.87601393e+00 -1.02364354e+01 -1.20134974e+02 -4.34869789e+00
 -1.43928275e+01 -4.19651904e+01  3.71670417e-01  2.86657822e+00
 -3.22466575e+01  2.60655052e+00 -1.88933272e+01 -2.69489223e+01
 -4.24381104e+01 -2.04467576e+01  6.80524732e+00 -8.50244574e+01
 -2.06801746e+01 -2.81884899e+01 -1.07039406e+02 -1.73682820e+01
 -3.00902395e+01  2.04855160e+00 -1.06000039e+01 -2.71237557e+01
 -2.16597522e+01 -3.11682008e+01 -1.08873295e-02 -4.48978428e+01
 -9.32455640e+01  3.16015873e+00  3.65835926e+00 -5.37441783e-01
 -3.39265075e+01  7.44364371e-01 -7.03120695e+01  2.50576222e+00
  6.10360699e+00 -3.24793308e+01 -4.22506222e+01 -3.14206904e+01
 -1.43590903e+01  5.44598556e+00  6.60564109e+00 -5.90504887e+00
 -3.05872793e+01  3.36916132e+00 -4.22942738e+01  2.13134840e+00
 -3.23582918e+01  2.96444837e+00  2.67672464e+00  4.37151408e+00
 -2.52976141e+00 -1.30170483e+01 -3.45486969e+00  4.09570394e+00
 -1.59174557e-01 -7.67643912e+01 -5.56983243e+00  1.63253552e+00
  3.83536586e+00  3.37049652e+00 -1.16514283e+02  2.52231967e+00
  3.33981001e+00 -2.67833317e+01 -2.03764933e+01 -2.81192291e+01
  2.32556919e+00  3.01927689e+00  5.92826505e+00  2.00489351e+00
 -1.00080283e+02  3.91980263e+00  1.52883463e+00  2.66660883e+00
 -8.82004127e+01  5.70352742e+00  3.10289094e+00 -3.96993209e+01
 -1.88066733e+01 -1.97385088e+01 -6.46733465e+01 -7.66945317e+00
  5.68231883e+00 -1.88090757e+01 -2.62819763e+01  2.36425908e+00
 -1.41765988e+01  1.05697230e+00  1.88351683e+00  3.88393044e+00
 -2.77770622e-01 -9.76377241e+00  4.66259265e+00  1.67809370e+00
  5.60251106e+00 -2.61779726e+01  3.94864058e+00  2.38439605e+00
 -2.55285006e+01 -6.80335813e+01  3.07214320e+00  2.81309489e+00
  8.51019638e-01 -5.67919350e+00  5.86717197e+00 -3.47572790e+01
 -7.99913361e+00 -3.84335905e+01 -3.26846071e+01  2.40172183e+00
 -4.90575979e+01 -2.02399215e+01  1.68496968e+00 -3.46197091e+01
  2.00020180e+00  3.05190374e+00  3.91853879e+00  2.19771107e+00
 -3.20335644e+01  3.21195396e+00  3.49059191e+00 -3.81171519e+01
  1.12511646e+00  3.64159375e+00 -1.93353321e+01  5.32259585e+00
 -5.66370695e+01 -2.73607336e+01  3.45685674e+00  1.18567105e+00
  4.58018279e+00  4.07484221e+00 -7.15990596e+01 -7.64956687e+00
 -6.59651815e+01  3.27934653e+00 -3.66069521e+01 -6.45507056e+01
 -3.13646808e+00 -1.07690436e+02 -6.37615186e+01  1.17234514e+00
  4.19402660e+00 -8.62123190e+01  5.34811556e-01  3.09106622e+00
 -4.77508392e+01 -3.78929606e+01 -5.50059441e+01  2.63515793e+00
 -5.17088271e-01  4.16029664e+00  3.48324777e+00 -1.61848046e+01
 -2.00948291e+01 -3.59668363e+01 -7.90707816e+01  3.75031751e+00
  2.40144262e+00  7.96977692e-01 -1.63958348e+00 -5.03699771e+01
  3.05949863e+00  4.20398472e+00  2.91960989e+00  2.21329163e+00]
logreg scores app2: [-3.51561186e+01  4.36059209e+00  4.50746777e+00  5.09047606e+00
  3.68903019e+00  1.78627988e+00  1.65820655e-02 -1.78956592e+01
  3.26222263e+00  1.09378964e+01 -2.27527270e+01 -2.70425260e+01
  3.48184843e+00  2.65311634e+00  4.13444095e-01 -1.64452588e+01
  2.30243532e+00  2.99166460e+00  2.97568800e+00 -8.37981391e+01
 -1.55957013e+01 -6.02043377e+00  3.26611947e+00 -4.66072381e+00
 -4.10784224e+00 -2.70098173e-01  6.38992235e+00 -7.91748246e+00
  3.41773802e+00  3.98982827e+00 -6.62091353e+00  3.00969694e+00
  4.17812014e+00  3.34703606e+00 -9.65301260e+01  3.58164043e+00
  4.09665555e+00  4.31549620e+00 -1.98769174e+01  2.31725253e+00
  4.01588590e-01 -4.77694608e+01 -1.03726991e+01 -1.12381450e+00
 -9.58668856e+00  2.20885337e+00  4.59636766e+00 -1.25526878e+01
  2.40800027e+00  3.61236616e+00 -3.46890147e+01  3.76067821e+00
  4.63509389e+00  2.84556697e+00  2.97142571e+00 -6.58967077e+01
 -4.04123207e+01 -4.00374673e+01 -5.83071680e+00  2.57721476e+00
 -2.17955372e+01  2.80243223e+00 -1.71624268e+01 -1.28230546e+01
 -8.22515301e+01  4.24995232e+00 -3.89720435e+01  5.24566602e+00
  4.36493882e+00 -6.72483732e+01  2.90025934e+00 -7.31331783e+00
  2.64820766e+00  3.08559650e+00 -2.90011825e+01 -4.58688733e+00
 -5.20116120e+01  2.32626963e+00  2.52155883e+00 -8.42774728e+00
 -2.29941406e+00  4.16136919e+00  1.86185400e+00 -4.96475389e+00
 -3.80609628e+01 -5.66061025e+01  3.43679573e+00  6.79113925e+00
  3.57561977e+00 -1.30023716e+01  3.87918619e+00  3.65025445e+00
  2.18846248e+00 -4.78853676e+01 -1.04430626e+01  2.62495117e+00
  4.41436020e+00  3.04299515e+00  2.84306642e+00 -2.36133406e+01
 -1.28411149e+02 -7.39490684e+00  4.04122046e+00 -1.83011235e+01
  6.35928296e+00  3.35730204e+00  5.13734036e+00  3.08030224e+00
 -4.36389768e+01  3.32724234e+00 -4.68791771e+01 -6.37065208e+01
 -3.97806127e+01 -5.36023087e+01 -3.87934453e+01  2.91257898e+00
 -1.13343380e+01 -2.97951264e+01 -1.32056751e+01  3.69338842e+00
 -2.69963316e+01 -7.79988514e+01  2.24461336e+00 -2.17763727e+01
 -2.20617888e+01 -1.30944928e+02  2.93220776e+00  2.51737099e+00
  1.54423723e+00 -2.73233869e+01  4.39120925e+00  4.90412802e+00
  5.94691806e+00  3.95568526e+00  9.40271854e+00 -1.58009780e+01
  2.55061194e+00 -9.17777564e+00  2.69861887e+00  2.80586530e+00
  5.45505711e+00  5.61846059e+00  3.11046156e+00  2.95252755e+00
  2.69501025e+00 -1.71438798e+01  4.46928937e+00  2.26954766e+00
 -1.30903224e+01 -3.11954236e+01 -4.01642947e+01 -1.20613658e+02
  2.99031312e+00  3.29358974e+00 -1.36423718e+01 -7.71571094e+01
 -2.61798483e+01 -1.63551186e+01  2.80038306e+00  3.56532609e+00
 -1.05314747e+01 -7.05950011e+00 -2.56481420e+01 -3.08795818e+01
 -3.48516968e+00 -1.82767596e+01  5.85719755e+00  1.98946236e+00
 -6.27777595e+01 -3.06182385e+00  2.90050558e+00 -9.71368531e+00
 -6.50709003e+01  3.18222356e+00 -2.98422027e+00 -5.81009510e+00
 -9.16076939e+00 -3.18432269e+01 -1.12842728e+01  1.62467023e+00
  3.25078532e+00  1.75898530e+00  3.62374800e+00 -7.94741558e+01
 -2.76749731e+01 -5.76285148e+01  3.46264975e+00 -6.95187340e+00
 -1.47560344e+01 -7.96097909e+01  2.97687651e+00  4.23257213e+00
  2.55122635e+00 -2.18177231e+01  3.71158091e+00  3.97995162e+00
  2.75424915e+00 -8.97011916e+00 -9.03243346e+01 -2.80306592e+01
  1.76020531e+00  1.55699077e+00 -2.39322693e+01  3.81866942e+00
 -2.02177036e+02 -1.47055401e+01 -5.02024693e-01 -4.11317210e+01
 -7.92819246e+01 -2.27316388e+01  5.25234433e+00 -3.33971694e+01
  2.21601665e+00  2.09801340e+00  5.07123591e+00 -6.43153027e-01
 -2.63993580e+01  1.26996370e+00  2.80362878e+00 -1.52177826e+01
 -2.46368313e+01 -1.84941058e-01  3.53155149e-01 -1.88663119e+01
 -7.93790749e+00 -1.74117904e+01  6.78011605e+00  4.36043445e+00
  7.20487426e+00 -4.73206672e+01  1.31929125e+00  2.74063410e+00
  3.02545513e-01  4.94416065e+00  3.36198304e+00  2.02801699e+00
  3.87173726e+00 -5.50700875e+00 -5.54116014e+01  2.11678497e+00
 -4.17923727e+01 -1.58614963e+00 -1.48069603e+01 -4.52331737e+01
  5.93333853e+00  4.59542370e-01 -5.31809345e+01 -2.76194937e+00
 -2.07340062e+01 -7.51715159e+00 -2.14187245e+01  3.77718110e+00
 -2.58153953e+01  2.77744353e+00 -5.20014452e+01 -4.86584360e+01
 -4.66380296e+01 -1.14434239e+01 -5.38093970e+00 -4.23987399e+01
 -9.05116467e+00  3.84055067e+00 -4.43660300e+01 -3.04170737e+01
  2.48245122e+00 -2.08631472e+01 -8.62104874e+00  2.52404051e+00
  5.96268004e+00 -1.89715878e+01 -1.26546947e+01  1.84898466e-03
 -1.45886072e+01 -2.34171533e+01 -1.29632985e+01  3.37475082e+00
  3.62113457e+00 -2.43952628e+01 -6.05634810e+01 -2.30889463e+01
 -8.50469431e+01  1.14379990e+00  4.20370626e+00  2.77218427e+00
  4.00214405e+00 -6.73967757e+00 -1.44361849e+01  3.68518338e+00
 -2.47092377e+01 -3.35672324e+01 -5.83927465e+01 -3.54657890e+01
  4.84857807e+00 -1.85514105e+01  3.78542401e+00  4.24079886e+00
 -6.27739192e+01  6.19228112e+00  1.62693045e+00  2.88561004e+00
  3.57522928e+00 -4.75222003e+01 -4.25007355e+00  4.34778663e+00
  3.98010669e+00  3.75415101e+00  4.83218737e+00  4.58544117e+00
  4.61955165e+00 -2.27684821e+01 -7.55972483e+01 -2.29743918e+01
 -5.01045332e+00  3.16623500e+00  4.94072861e+00 -2.42183362e+01
 -1.10046663e+01  8.25669401e+00  4.15594267e+00  6.44317359e-01
  3.31168554e+00 -6.35283234e+00 -3.84535022e+01  3.26677632e+00
  3.23706777e+00  3.29248295e+00 -7.50945431e+00  9.58112484e+00
  1.24545627e+00 -5.18992247e+01 -1.26225961e+01  4.15913560e+00
  2.13442611e+00 -2.25672377e+01 -5.69368763e+00  1.63327960e+00
 -3.60226621e+01 -8.39615780e+00  3.09475949e+00 -7.62760017e+00
  4.36134460e+00  4.11324393e+00  5.62763474e+00 -1.62378180e+00
 -3.41260624e+01  2.54234337e+00 -5.27360636e+00 -2.25111465e+01
 -4.27007708e+01  5.95684970e+00 -1.78626395e+00 -4.68366228e+01
  1.49528783e+00  3.62736479e+00  3.11478463e+00 -1.08299347e+01
  2.27718869e+00  1.57429758e+00 -1.13634716e+00 -1.56758276e+01
 -6.01098326e+00  3.39732832e+00  2.41603887e+00 -5.55581592e+01
 -3.88937710e+01  2.94610589e+00  6.94359360e-01 -2.04279621e+01
 -5.27374171e+00 -5.39100776e+00  6.47643200e+00 -1.60684071e+01
 -4.91696082e+01 -2.82280331e+01 -4.09672775e+01  9.99266077e+00
  5.57762944e+00 -6.64462595e+01 -5.72544176e+01 -1.08903958e+02
  3.34140574e+00 -7.32288922e+00 -7.43474329e+01  1.51337704e+00
 -6.90940643e+00  3.58038729e+00 -3.58757707e+00 -2.29754210e+01
 -1.64973660e+01  3.92069777e+00  2.70957411e+00 -2.08727365e+01
  3.84907279e+00 -3.97702913e+01 -1.98630857e+00 -9.49606811e+01
  3.32651755e+00 -3.40791662e+01  2.95691667e+00  3.06902131e+00
 -9.95681517e+00  1.56945972e+00 -1.40581387e+00 -2.68162954e+01
 -2.37894018e+01  4.06575156e+00 -1.66189491e+02 -5.33298219e+01
 -1.15472953e+01 -2.43959110e+01 -2.55252538e+01 -2.28883037e+01
  6.08345009e+00  2.91538238e+00  3.86361008e+00  4.55041093e+00
 -1.20092985e+01 -3.81096678e+01  3.16722217e+00 -1.25898988e+01
 -8.19100173e+00  2.09462579e+00  3.05856951e+00 -6.19469188e+00
 -4.94865616e+01  4.19040033e+00 -3.51880412e+01  5.81857467e+00
  4.63373498e+00 -4.50955327e+00 -8.81343806e+01 -4.94426173e+00
  1.86349199e+00 -9.29105961e+00 -8.75725355e+00 -9.80323457e-01
 -7.41265691e+00  2.50100409e+00  2.56583878e+00 -1.98483108e+01
  3.13509532e+00  4.58481786e+00 -1.15403938e+01 -1.52782989e+01
  4.14256981e+00  5.80707221e+00 -5.11169636e+01 -2.62071058e+01
  5.53477939e+00 -2.67406607e+00 -3.64027778e+01  2.02356098e+00
 -3.16146065e+01  6.06505154e+00 -4.15847642e+01 -5.09854540e+01
 -1.11535732e+01  2.30755415e+00  2.95600170e+00  2.79360698e+00
  5.28087600e+00 -1.96082088e+01  3.18976629e+00 -4.03525716e+00
 -1.10531704e+01 -1.45245225e+01 -3.79786349e+01 -3.99770970e+01
  3.83080158e+00  5.20752421e+00  3.88565470e+00  7.58791975e+00
  2.17158873e+00 -1.69673841e+01 -2.52092085e+01 -2.43601560e+01
  2.64028796e+00 -5.53400449e-01  1.44691084e+00  4.35406378e+00
 -1.55462728e+01  3.28860348e+00 -1.39255843e+01  5.11986799e+00
  9.94045984e-01  2.58132956e+00  1.08322026e+01  4.53616581e+00
 -9.36845252e+01 -8.01733398e+00  2.22174115e+00  1.78389919e-01
  2.63162841e+00  4.36244455e+00 -4.22714573e+01 -1.13153826e+01
  3.02032492e+00  5.87010470e+00  2.76167971e+00 -1.59501314e+01
 -7.54148705e+01 -8.62690295e+00  2.84246627e+00 -6.35594199e+01
  1.67769824e-01  4.55787741e+00 -1.91632600e+00 -2.34204124e+01
  4.39623650e+00 -4.34690491e+01  2.79307199e+00 -5.37918342e+01
 -7.08343727e+01 -1.57623748e+00  2.98158170e+00 -2.70187929e+00
  3.41635900e+00 -2.20562802e+00 -6.92914165e+00  2.12916262e+00
 -9.69712783e+00  4.25531948e+00  2.28956078e+00 -4.83234217e+01
 -6.39343250e+01  1.35938860e+00 -9.84555261e+01  1.65013303e+00
 -1.08507791e+00 -6.77673296e+01 -3.70076308e+01  2.16607083e+00
  1.87601393e+00 -1.02364354e+01 -1.20134974e+02 -4.34869789e+00
 -1.43928275e+01 -4.19651904e+01  3.71670417e-01  2.86657822e+00
 -3.22466575e+01  2.60655052e+00 -1.88933272e+01 -2.69489223e+01
 -4.24381104e+01 -2.04467576e+01  6.80524732e+00 -8.50244574e+01
 -2.06801746e+01 -2.81884899e+01 -1.07039406e+02 -1.73682820e+01
 -3.00902395e+01  2.04855160e+00 -1.06000039e+01 -2.71237557e+01
 -2.16597522e+01 -3.11682008e+01 -1.08873295e-02 -4.48978428e+01
 -9.32455640e+01  3.16015873e+00  3.65835926e+00 -5.37441783e-01
 -3.39265075e+01  7.44364371e-01 -7.03120695e+01  2.50576222e+00
  6.10360699e+00 -3.24793308e+01 -4.22506222e+01 -3.14206904e+01
 -1.43590903e+01  5.44598556e+00  6.60564109e+00 -5.90504887e+00
 -3.05872793e+01  3.36916132e+00 -4.22942738e+01  2.13134840e+00
 -3.23582918e+01  2.96444837e+00  2.67672464e+00  4.37151408e+00
 -2.52976141e+00 -1.30170483e+01 -3.45486969e+00  4.09570394e+00
 -1.59174557e-01 -7.67643912e+01 -5.56983243e+00  1.63253552e+00
  3.83536586e+00  3.37049652e+00 -1.16514283e+02  2.52231967e+00
  3.33981001e+00 -2.67833317e+01 -2.03764933e+01 -2.81192291e+01
  2.32556919e+00  3.01927689e+00  5.92826505e+00  2.00489351e+00
 -1.00080283e+02  3.91980263e+00  1.52883463e+00  2.66660883e+00
 -8.82004127e+01  5.70352742e+00  3.10289094e+00 -3.96993209e+01
 -1.88066733e+01 -1.97385088e+01 -6.46733465e+01 -7.66945317e+00
  5.68231883e+00 -1.88090757e+01 -2.62819763e+01  2.36425908e+00
 -1.41765988e+01  1.05697230e+00  1.88351683e+00  3.88393044e+00
 -2.77770622e-01 -9.76377241e+00  4.66259265e+00  1.67809370e+00
  5.60251106e+00 -2.61779726e+01  3.94864058e+00  2.38439605e+00
 -2.55285006e+01 -6.80335813e+01  3.07214320e+00  2.81309489e+00
  8.51019638e-01 -5.67919350e+00  5.86717197e+00 -3.47572790e+01
 -7.99913361e+00 -3.84335905e+01 -3.26846071e+01  2.40172183e+00
 -4.90575979e+01 -2.02399215e+01  1.68496968e+00 -3.46197091e+01
  2.00020180e+00  3.05190374e+00  3.91853879e+00  2.19771107e+00
 -3.20335644e+01  3.21195396e+00  3.49059191e+00 -3.81171519e+01
  1.12511646e+00  3.64159375e+00 -1.93353321e+01  5.32259585e+00
 -5.66370695e+01 -2.73607336e+01  3.45685674e+00  1.18567105e+00
  4.58018279e+00  4.07484221e+00 -7.15990596e+01 -7.64956687e+00
 -6.59651815e+01  3.27934653e+00 -3.66069521e+01 -6.45507056e+01
 -3.13646808e+00 -1.07690436e+02 -6.37615186e+01  1.17234514e+00
  4.19402660e+00 -8.62123190e+01  5.34811556e-01  3.09106622e+00
 -4.77508392e+01 -3.78929606e+01 -5.50059441e+01  2.63515793e+00
 -5.17088271e-01  4.16029664e+00  3.48324777e+00 -1.61848046e+01
 -2.00948291e+01 -3.59668363e+01 -7.90707816e+01  3.75031751e+00
  2.40144262e+00  7.96977692e-01 -1.63958348e+00 -5.03699771e+01
  3.05949863e+00  4.20398472e+00  2.91960989e+00  2.21329163e+00]
SVM scores app1: [-1.01067696e+01  1.16439587e+00  1.36490412e+00  1.63690699e+00
  1.35627482e+00  7.46665502e-01  2.16512866e-01 -4.86323393e+00
  1.33715501e+00  2.77023312e+00 -5.39807749e+00 -7.33846272e+00
  1.73784838e+00  1.04479347e+00  2.38883932e-01 -3.73796611e+00
  1.12161461e+00  1.21258046e+00  1.05052680e+00 -2.16210212e+01
 -3.94605606e+00 -1.49113462e+00  1.33883623e+00 -3.47401421e-01
 -7.98226836e-01  5.69030160e-01  1.72506886e+00 -1.94163856e+00
  1.04665981e+00  1.47213576e+00 -1.67816915e+00  1.09163233e+00
  1.47867584e+00  1.66351847e+00 -2.55728546e+01  1.27804312e+00
  1.37165558e+00  1.81604094e+00 -4.69010474e+00  1.04590107e+00
  3.94480291e-01 -1.29086239e+01 -2.38662631e+00  1.50479909e-01
 -1.87418423e+00  9.06573817e-01  1.55887616e+00 -3.28934718e+00
  1.03492481e+00  1.55170423e+00 -1.04409292e+01  1.19879301e+00
  1.60488811e+00  9.46805032e-01  1.36819647e+00 -1.62810164e+01
 -1.10665270e+01 -9.01143123e+00 -6.11535439e-01  8.60548861e-01
 -4.61955517e+00  1.20779475e+00 -5.05344780e+00 -3.22439555e+00
 -2.08646543e+01  1.43234374e+00 -1.17572597e+01  1.92861663e+00
  1.33191986e+00 -1.81111625e+01  1.02467951e+00 -1.31671006e+00
  1.09882751e+00  1.39835692e+00 -7.24600277e+00 -3.61517591e-01
 -1.49106847e+01  1.09498321e+00  9.89740963e-01 -1.95518991e+00
 -1.53336276e-01  1.36253701e+00  1.04725124e+00 -4.10037857e-01
 -9.83758757e+00 -1.83669030e+01  1.33555750e+00  2.07910230e+00
  1.66067831e+00 -3.14693010e+00  1.18982337e+00  1.25414232e+00
  1.13465840e+00 -1.05054107e+01 -2.46596743e+00  1.14203870e+00
  1.61064694e+00  1.12727181e+00  1.17641768e+00 -6.25169767e+00
 -3.37365086e+01 -1.51501897e+00  1.35524688e+00 -5.31883368e+00
  1.77614657e+00  1.18370701e+00  1.65317120e+00  1.41576117e+00
 -1.10863629e+01  1.33217993e+00 -1.02670585e+01 -1.71462859e+01
 -9.79230972e+00 -1.44612505e+01 -1.01307259e+01  1.00322780e+00
 -3.21711890e+00 -7.21518709e+00 -3.63973303e+00  1.33890462e+00
 -6.69614167e+00 -1.81664544e+01  1.18351707e+00 -5.60784078e+00
 -4.25356200e+00 -3.16183332e+01  1.07225345e+00  1.05843353e+00
  8.61883080e-01 -7.54154865e+00  1.54552617e+00  1.69802773e+00
  1.75093885e+00  1.52589955e+00  2.65891670e+00 -3.99364291e+00
  1.05906222e+00 -2.80254289e+00  1.16167470e+00  1.37267752e+00
  1.54659845e+00  2.02648483e+00  1.15905373e+00  1.09189050e+00
  9.70067393e-01 -4.03225189e+00  1.47809292e+00  9.23897889e-01
 -2.58091407e+00 -7.07645441e+00 -8.08121518e+00 -2.60642543e+01
  1.15920405e+00  1.11263841e+00 -3.04005010e+00 -1.90336761e+01
 -5.76450581e+00 -5.12604688e+00  1.16648229e+00  1.30320965e+00
 -2.29874055e+00 -1.94103852e+00 -5.76779523e+00 -7.75939227e+00
 -2.92804914e-01 -3.28796047e+00  1.39706335e+00  6.11743686e-01
 -1.79162863e+01 -7.17331668e-02  1.22421284e+00 -2.75483521e+00
 -1.94069142e+01  1.19559477e+00 -6.64641253e-01 -1.53872540e+00
 -2.12193506e+00 -8.57299734e+00 -2.41838902e+00  8.59030348e-01
  1.37232704e+00  1.02564646e+00  1.31670530e+00 -1.91004439e+01
 -6.40126201e+00 -1.68861515e+01  1.19119123e+00 -1.36302495e+00
 -4.33621911e+00 -2.31663455e+01  1.09493464e+00  1.51752074e+00
  1.10734528e+00 -5.83586882e+00  1.42701733e+00  1.24944922e+00
  1.03825211e+00 -2.74094246e+00 -2.13457769e+01 -5.99787759e+00
  5.79359701e-01  8.05138120e-01 -5.81541922e+00  1.28425356e+00
 -5.48698035e+01 -2.60646969e+00  5.71984437e-01 -1.03134512e+01
 -1.99257676e+01 -6.01292860e+00  1.55551543e+00 -8.03280154e+00
  9.69717866e-01  7.49199985e-01  1.72320995e+00  4.09519124e-01
 -8.41910094e+00  9.82620486e-01  1.11264969e+00 -4.03009545e+00
 -5.64202832e+00  4.59350153e-01  1.30665502e-01 -3.89009034e+00
 -2.54446694e+00 -5.16942793e+00  2.07211761e+00  1.36634553e+00
  1.28589445e+00 -1.23636133e+01  6.34647582e-01  1.13176793e+00
  3.59480497e-01  1.68290508e+00  1.32846879e+00  1.05296060e+00
  1.27466660e+00 -9.35675533e-01 -1.39874192e+01  7.76017798e-01
 -9.00147024e+00 -7.62466512e-03 -2.85076850e+00 -1.14565921e+01
  1.78366452e+00  3.44453921e-01 -1.70908936e+01 -5.11762307e-01
 -6.69327277e+00 -1.86752771e+00 -5.58703739e+00  1.23507208e+00
 -7.56935954e+00  1.08450100e+00 -1.50206305e+01 -1.34828273e+01
 -1.25381810e+01 -2.44171545e+00 -1.04417865e+00 -1.18265360e+01
 -2.33604299e+00  1.15986297e+00 -1.05477586e+01 -7.69870972e+00
  1.17253088e+00 -6.58106387e+00 -1.43862856e+00  1.01959588e+00
  2.89099904e+00 -5.66271682e+00 -3.44179476e+00  6.27364934e-01
 -3.42404498e+00 -5.51555487e+00 -3.57491280e+00  1.17993775e+00
  1.37711306e+00 -5.22957887e+00 -1.39295735e+01 -6.67234514e+00
 -2.26991207e+01  7.41053540e-01  1.24686853e+00  1.07086933e+00
  1.33429109e+00 -1.53383857e+00 -4.00454186e+00  1.41715506e+00
 -6.83299123e+00 -7.82387845e+00 -1.69850556e+01 -7.22392073e+00
  1.58033828e+00 -5.37987920e+00  1.25593886e+00  1.36546840e+00
 -1.65858800e+01  2.03525179e+00  2.96133245e-01  1.09924295e+00
  1.21192514e+00 -1.24913233e+01 -1.06250156e+00  1.51872957e+00
  1.25154018e+00  1.32149081e+00  1.78096055e+00  1.38496446e+00
  1.62675851e+00 -6.06237724e+00 -2.20388472e+01 -4.01394426e+00
 -1.13896821e+00  1.38436299e+00  1.85556514e+00 -6.50079963e+00
 -2.15183414e+00  2.41430752e+00  1.42437090e+00  5.05349505e-01
  1.31998826e+00 -1.87123521e+00 -1.11957303e+01  1.50278553e+00
  1.26991415e+00  1.60746164e+00 -1.85065906e+00  2.60115483e+00
  8.75068818e-01 -1.35811855e+01 -3.77574800e+00  1.14015816e+00
  1.00287281e+00 -6.34925170e+00 -1.44037705e+00  6.57890014e-01
 -8.43626372e+00 -1.73328965e+00  1.18845219e+00 -1.55990882e+00
  1.55554192e+00  1.34458296e+00  1.80804996e+00  3.86655791e-02
 -8.63663896e+00  1.05395936e+00 -1.59622825e+00 -6.87151222e+00
 -1.13787689e+01  1.75207403e+00 -1.94405203e-01 -1.12816859e+01
  1.43385622e+00  1.08118436e+00  1.17058233e+00 -2.58756720e+00
  1.19762138e+00  5.48767632e-01  9.24356085e-01 -4.19327243e+00
 -1.75886091e+00  1.18772787e+00  1.11549447e+00 -1.51994980e+01
 -1.02363941e+01  1.16655463e+00  5.84758343e-01 -4.93945913e+00
 -1.48133752e+00 -6.32540909e-01  2.07162124e+00 -4.34343499e+00
 -1.10187922e+01 -6.86950738e+00 -1.05457190e+01  2.89845515e+00
  1.58923400e+00 -1.46894147e+01 -1.58248986e+01 -2.95880911e+01
  1.28665399e+00 -1.62380112e+00 -1.88115558e+01  7.41371247e-01
 -1.21928662e+00  1.50017047e+00 -1.11824405e+00 -5.32541610e+00
 -3.61832043e+00  1.27096621e+00  1.11981631e+00 -5.29766009e+00
  1.10306719e+00 -1.07724420e+01 -4.63569962e-01 -2.44411239e+01
  1.14678181e+00 -7.91777954e+00  1.35573772e+00  1.29010579e+00
 -1.80872000e+00  8.09092633e-01  1.82775293e-01 -8.20890848e+00
 -6.70054712e+00  1.60843509e+00 -3.87837897e+01 -1.34919437e+01
 -3.00172135e+00 -6.04595883e+00 -6.19098119e+00 -7.49895243e+00
  1.84132426e+00  1.15059899e+00  1.30615052e+00  1.35989720e+00
 -2.62954754e+00 -1.14645875e+01  1.09218490e+00 -3.44497234e+00
 -1.35895655e+00  1.03925292e+00  1.30685202e+00 -1.23134815e+00
 -1.18595664e+01  1.31265211e+00 -8.53309828e+00  1.80200849e+00
  1.42936363e+00 -1.63801342e+00 -2.04371011e+01 -9.29550293e-01
  6.09666973e-01 -1.27709613e+00 -2.77386667e+00 -5.51125262e-01
 -1.47120791e+00  1.05738746e+00  1.03561107e+00 -6.68890606e+00
  1.35748079e+00  1.32204821e+00 -3.39509858e+00 -3.65286239e+00
  9.11784253e-01  1.94129474e+00 -1.58646171e+01 -8.13305792e+00
  1.93335106e+00 -2.19340903e-01 -7.49760879e+00  7.57227219e-01
 -8.04437638e+00  2.02133210e+00 -1.04074831e+01 -1.56973366e+01
 -3.02370402e+00  1.12916038e+00  1.05162751e+00  1.03009203e+00
  1.84913770e+00 -4.72425805e+00  1.17439100e+00 -4.91312239e-01
 -2.82810014e+00 -3.99101363e+00 -1.17074057e+01 -1.33704133e+01
  1.48846183e+00  1.72989860e+00  1.27281460e+00  1.24166934e+00
  1.32767282e+00 -4.36738748e+00 -6.67187744e+00 -7.09664398e+00
  1.11602706e+00  2.38266202e-01  2.97490803e-01  1.33445576e+00
 -4.28002973e+00  1.18834075e+00 -3.04910669e+00  1.65701256e+00
  5.39957660e-01  1.20853430e+00  2.90468637e+00  1.51942057e+00
 -2.35725498e+01 -1.62364799e+00  1.12443087e+00  1.56497915e-01
  1.19396425e+00  1.73657480e+00 -9.33505095e+00 -2.27396994e+00
  1.18712649e+00  1.76270655e+00  9.47616150e-01 -3.54904376e+00
 -2.16456759e+01 -2.32347874e+00  1.42280131e+00 -1.51625169e+01
  3.36284451e-02  1.53037285e+00 -5.85805984e-01 -6.81495850e+00
  1.50493499e+00 -9.30210967e+00  1.08431541e+00 -1.61949773e+01
 -1.90246754e+01  1.11870556e-01  1.25191549e+00 -4.14620617e-01
  1.09055842e+00 -3.88449861e-01 -1.66446261e+00  9.57158960e-01
 -2.16044531e+00  1.59664709e+00  1.30849616e+00 -1.19569733e+01
 -1.76359619e+01  7.92459657e-01 -2.87602968e+01  9.36843738e-01
  1.90409120e-01 -1.68565780e+01 -7.28339055e+00  9.08931013e-01
  9.59539571e-01 -1.87189579e+00 -3.52511764e+01 -1.84440737e+00
 -3.55308973e+00 -1.00648649e+01  3.18310880e-01  1.33486228e+00
 -8.09007626e+00  1.05920952e+00 -4.26631504e+00 -8.47356185e+00
 -9.92739328e+00 -5.54697796e+00  1.67579541e+00 -2.28056901e+01
 -4.93113780e+00 -8.03927501e+00 -3.38343904e+01 -4.01105960e+00
 -5.29360988e+00  5.89605407e-01 -3.09125195e+00 -6.62596057e+00
 -5.96793391e+00 -8.48742927e+00  5.82054716e-01 -1.29510366e+01
 -2.58789417e+01  1.30725364e+00  1.27475939e+00 -3.40402412e-02
 -9.76825575e+00  6.37719356e-01 -1.71976719e+01  1.29287512e+00
  2.54612804e+00 -6.60155247e+00 -1.12511997e+01 -8.94160101e+00
 -4.08229848e+00  1.97160342e+00  1.89599434e+00 -1.49834232e+00
 -7.73593570e+00  1.13146896e+00 -1.17192956e+01  9.90184530e-01
 -8.72471593e+00  1.35051683e+00  1.50378370e+00  1.13138081e+00
 -4.23180249e-01 -3.97655732e+00 -5.36853608e-02  1.50300750e+00
 -9.57170583e-02 -2.28602761e+01 -1.13923276e+00  7.29767893e-01
  1.46204348e+00  1.34793102e+00 -3.32424890e+01  1.32387143e+00
  1.34973713e+00 -7.01128884e+00 -5.90599642e+00 -7.15865842e+00
  9.66043779e-01  1.04822688e+00  1.84474467e+00  9.23198237e-01
 -2.64983593e+01  1.47139788e+00  5.76935932e-01  1.75943188e+00
 -2.04508958e+01  2.24854491e+00  1.10690295e+00 -9.53294473e+00
 -4.68031920e+00 -5.22306863e+00 -1.66228993e+01 -2.05247432e+00
  1.72081886e+00 -4.91152694e+00 -7.63711854e+00  1.06020028e+00
 -4.08428706e+00  7.08233751e-01  8.01576976e-01  1.26169006e+00
  1.98755163e-01 -1.25415272e+00  1.51332858e+00  4.75848358e-01
  1.66012682e+00 -5.43581636e+00  1.04674298e+00  8.54302635e-01
 -5.12163323e+00 -1.80336223e+01  1.24334715e+00  1.22984710e+00
  7.82975965e-01 -1.76666533e+00  1.64440849e+00 -1.01294466e+01
 -2.17206321e+00 -8.43296320e+00 -9.00537316e+00  1.07854891e+00
 -1.42875617e+01 -4.14725305e+00  1.08089252e+00 -9.73851870e+00
  1.03978472e+00  1.11147059e+00  1.39621853e+00  8.24281131e-01
 -8.65709664e+00  1.11012478e+00  1.42521735e+00 -7.77391044e+00
  1.00398336e+00  1.19779385e+00 -5.02060690e+00  1.66844621e+00
 -1.54435989e+01 -7.35195414e+00  1.37314018e+00  7.03616532e-01
  1.53975795e+00  1.37882709e+00 -1.62432713e+01 -1.65414533e+00
 -1.96742961e+01  1.27189007e+00 -9.68475716e+00 -1.62289051e+01
 -5.92130020e-01 -2.88611660e+01 -1.76329190e+01  1.38425909e-01
  1.46795923e+00 -2.08137727e+01  3.52078938e-01  1.06916727e+00
 -1.15274189e+01 -9.57449332e+00 -1.06730513e+01  9.88656761e-01
  3.33622989e-01  1.28703123e+00  1.41092158e+00 -4.76740110e+00
 -5.55086469e+00 -1.10376705e+01 -2.21809923e+01  1.27211562e+00
  1.00349172e+00  4.65591467e-01 -1.93719639e-01 -1.46258086e+01
  1.15665069e+00  1.36666492e+00  1.14804291e+00  8.87521251e-01]
SVM scores app2: [-1.01067696e+01  1.16439587e+00  1.36490412e+00  1.63690699e+00
  1.35627482e+00  7.46665502e-01  2.16512866e-01 -4.86323393e+00
  1.33715501e+00  2.77023312e+00 -5.39807749e+00 -7.33846272e+00
  1.73784838e+00  1.04479347e+00  2.38883932e-01 -3.73796611e+00
  1.12161461e+00  1.21258046e+00  1.05052680e+00 -2.16210212e+01
 -3.94605606e+00 -1.49113462e+00  1.33883623e+00 -3.47401421e-01
 -7.98226836e-01  5.69030160e-01  1.72506886e+00 -1.94163856e+00
  1.04665981e+00  1.47213576e+00 -1.67816915e+00  1.09163233e+00
  1.47867584e+00  1.66351847e+00 -2.55728546e+01  1.27804312e+00
  1.37165558e+00  1.81604094e+00 -4.69010474e+00  1.04590107e+00
  3.94480291e-01 -1.29086239e+01 -2.38662631e+00  1.50479909e-01
 -1.87418423e+00  9.06573817e-01  1.55887616e+00 -3.28934718e+00
  1.03492481e+00  1.55170423e+00 -1.04409292e+01  1.19879301e+00
  1.60488811e+00  9.46805032e-01  1.36819647e+00 -1.62810164e+01
 -1.10665270e+01 -9.01143123e+00 -6.11535439e-01  8.60548861e-01
 -4.61955517e+00  1.20779475e+00 -5.05344780e+00 -3.22439555e+00
 -2.08646543e+01  1.43234374e+00 -1.17572597e+01  1.92861663e+00
  1.33191986e+00 -1.81111625e+01  1.02467951e+00 -1.31671006e+00
  1.09882751e+00  1.39835692e+00 -7.24600277e+00 -3.61517591e-01
 -1.49106847e+01  1.09498321e+00  9.89740963e-01 -1.95518991e+00
 -1.53336276e-01  1.36253701e+00  1.04725124e+00 -4.10037857e-01
 -9.83758757e+00 -1.83669030e+01  1.33555750e+00  2.07910230e+00
  1.66067831e+00 -3.14693010e+00  1.18982337e+00  1.25414232e+00
  1.13465840e+00 -1.05054107e+01 -2.46596743e+00  1.14203870e+00
  1.61064694e+00  1.12727181e+00  1.17641768e+00 -6.25169767e+00
 -3.37365086e+01 -1.51501897e+00  1.35524688e+00 -5.31883368e+00
  1.77614657e+00  1.18370701e+00  1.65317120e+00  1.41576117e+00
 -1.10863629e+01  1.33217993e+00 -1.02670585e+01 -1.71462859e+01
 -9.79230972e+00 -1.44612505e+01 -1.01307259e+01  1.00322780e+00
 -3.21711890e+00 -7.21518709e+00 -3.63973303e+00  1.33890462e+00
 -6.69614167e+00 -1.81664544e+01  1.18351707e+00 -5.60784078e+00
 -4.25356200e+00 -3.16183332e+01  1.07225345e+00  1.05843353e+00
  8.61883080e-01 -7.54154865e+00  1.54552617e+00  1.69802773e+00
  1.75093885e+00  1.52589955e+00  2.65891670e+00 -3.99364291e+00
  1.05906222e+00 -2.80254289e+00  1.16167470e+00  1.37267752e+00
  1.54659845e+00  2.02648483e+00  1.15905373e+00  1.09189050e+00
  9.70067393e-01 -4.03225189e+00  1.47809292e+00  9.23897889e-01
 -2.58091407e+00 -7.07645441e+00 -8.08121518e+00 -2.60642543e+01
  1.15920405e+00  1.11263841e+00 -3.04005010e+00 -1.90336761e+01
 -5.76450581e+00 -5.12604688e+00  1.16648229e+00  1.30320965e+00
 -2.29874055e+00 -1.94103852e+00 -5.76779523e+00 -7.75939227e+00
 -2.92804914e-01 -3.28796047e+00  1.39706335e+00  6.11743686e-01
 -1.79162863e+01 -7.17331668e-02  1.22421284e+00 -2.75483521e+00
 -1.94069142e+01  1.19559477e+00 -6.64641253e-01 -1.53872540e+00
 -2.12193506e+00 -8.57299734e+00 -2.41838902e+00  8.59030348e-01
  1.37232704e+00  1.02564646e+00  1.31670530e+00 -1.91004439e+01
 -6.40126201e+00 -1.68861515e+01  1.19119123e+00 -1.36302495e+00
 -4.33621911e+00 -2.31663455e+01  1.09493464e+00  1.51752074e+00
  1.10734528e+00 -5.83586882e+00  1.42701733e+00  1.24944922e+00
  1.03825211e+00 -2.74094246e+00 -2.13457769e+01 -5.99787759e+00
  5.79359701e-01  8.05138120e-01 -5.81541922e+00  1.28425356e+00
 -5.48698035e+01 -2.60646969e+00  5.71984437e-01 -1.03134512e+01
 -1.99257676e+01 -6.01292860e+00  1.55551543e+00 -8.03280154e+00
  9.69717866e-01  7.49199985e-01  1.72320995e+00  4.09519124e-01
 -8.41910094e+00  9.82620486e-01  1.11264969e+00 -4.03009545e+00
 -5.64202832e+00  4.59350153e-01  1.30665502e-01 -3.89009034e+00
 -2.54446694e+00 -5.16942793e+00  2.07211761e+00  1.36634553e+00
  1.28589445e+00 -1.23636133e+01  6.34647582e-01  1.13176793e+00
  3.59480497e-01  1.68290508e+00  1.32846879e+00  1.05296060e+00
  1.27466660e+00 -9.35675533e-01 -1.39874192e+01  7.76017798e-01
 -9.00147024e+00 -7.62466512e-03 -2.85076850e+00 -1.14565921e+01
  1.78366452e+00  3.44453921e-01 -1.70908936e+01 -5.11762307e-01
 -6.69327277e+00 -1.86752771e+00 -5.58703739e+00  1.23507208e+00
 -7.56935954e+00  1.08450100e+00 -1.50206305e+01 -1.34828273e+01
 -1.25381810e+01 -2.44171545e+00 -1.04417865e+00 -1.18265360e+01
 -2.33604299e+00  1.15986297e+00 -1.05477586e+01 -7.69870972e+00
  1.17253088e+00 -6.58106387e+00 -1.43862856e+00  1.01959588e+00
  2.89099904e+00 -5.66271682e+00 -3.44179476e+00  6.27364934e-01
 -3.42404498e+00 -5.51555487e+00 -3.57491280e+00  1.17993775e+00
  1.37711306e+00 -5.22957887e+00 -1.39295735e+01 -6.67234514e+00
 -2.26991207e+01  7.41053540e-01  1.24686853e+00  1.07086933e+00
  1.33429109e+00 -1.53383857e+00 -4.00454186e+00  1.41715506e+00
 -6.83299123e+00 -7.82387845e+00 -1.69850556e+01 -7.22392073e+00
  1.58033828e+00 -5.37987920e+00  1.25593886e+00  1.36546840e+00
 -1.65858800e+01  2.03525179e+00  2.96133245e-01  1.09924295e+00
  1.21192514e+00 -1.24913233e+01 -1.06250156e+00  1.51872957e+00
  1.25154018e+00  1.32149081e+00  1.78096055e+00  1.38496446e+00
  1.62675851e+00 -6.06237724e+00 -2.20388472e+01 -4.01394426e+00
 -1.13896821e+00  1.38436299e+00  1.85556514e+00 -6.50079963e+00
 -2.15183414e+00  2.41430752e+00  1.42437090e+00  5.05349505e-01
  1.31998826e+00 -1.87123521e+00 -1.11957303e+01  1.50278553e+00
  1.26991415e+00  1.60746164e+00 -1.85065906e+00  2.60115483e+00
  8.75068818e-01 -1.35811855e+01 -3.77574800e+00  1.14015816e+00
  1.00287281e+00 -6.34925170e+00 -1.44037705e+00  6.57890014e-01
 -8.43626372e+00 -1.73328965e+00  1.18845219e+00 -1.55990882e+00
  1.55554192e+00  1.34458296e+00  1.80804996e+00  3.86655791e-02
 -8.63663896e+00  1.05395936e+00 -1.59622825e+00 -6.87151222e+00
 -1.13787689e+01  1.75207403e+00 -1.94405203e-01 -1.12816859e+01
  1.43385622e+00  1.08118436e+00  1.17058233e+00 -2.58756720e+00
  1.19762138e+00  5.48767632e-01  9.24356085e-01 -4.19327243e+00
 -1.75886091e+00  1.18772787e+00  1.11549447e+00 -1.51994980e+01
 -1.02363941e+01  1.16655463e+00  5.84758343e-01 -4.93945913e+00
 -1.48133752e+00 -6.32540909e-01  2.07162124e+00 -4.34343499e+00
 -1.10187922e+01 -6.86950738e+00 -1.05457190e+01  2.89845515e+00
  1.58923400e+00 -1.46894147e+01 -1.58248986e+01 -2.95880911e+01
  1.28665399e+00 -1.62380112e+00 -1.88115558e+01  7.41371247e-01
 -1.21928662e+00  1.50017047e+00 -1.11824405e+00 -5.32541610e+00
 -3.61832043e+00  1.27096621e+00  1.11981631e+00 -5.29766009e+00
  1.10306719e+00 -1.07724420e+01 -4.63569962e-01 -2.44411239e+01
  1.14678181e+00 -7.91777954e+00  1.35573772e+00  1.29010579e+00
 -1.80872000e+00  8.09092633e-01  1.82775293e-01 -8.20890848e+00
 -6.70054712e+00  1.60843509e+00 -3.87837897e+01 -1.34919437e+01
 -3.00172135e+00 -6.04595883e+00 -6.19098119e+00 -7.49895243e+00
  1.84132426e+00  1.15059899e+00  1.30615052e+00  1.35989720e+00
 -2.62954754e+00 -1.14645875e+01  1.09218490e+00 -3.44497234e+00
 -1.35895655e+00  1.03925292e+00  1.30685202e+00 -1.23134815e+00
 -1.18595664e+01  1.31265211e+00 -8.53309828e+00  1.80200849e+00
  1.42936363e+00 -1.63801342e+00 -2.04371011e+01 -9.29550293e-01
  6.09666973e-01 -1.27709613e+00 -2.77386667e+00 -5.51125262e-01
 -1.47120791e+00  1.05738746e+00  1.03561107e+00 -6.68890606e+00
  1.35748079e+00  1.32204821e+00 -3.39509858e+00 -3.65286239e+00
  9.11784253e-01  1.94129474e+00 -1.58646171e+01 -8.13305792e+00
  1.93335106e+00 -2.19340903e-01 -7.49760879e+00  7.57227219e-01
 -8.04437638e+00  2.02133210e+00 -1.04074831e+01 -1.56973366e+01
 -3.02370402e+00  1.12916038e+00  1.05162751e+00  1.03009203e+00
  1.84913770e+00 -4.72425805e+00  1.17439100e+00 -4.91312239e-01
 -2.82810014e+00 -3.99101363e+00 -1.17074057e+01 -1.33704133e+01
  1.48846183e+00  1.72989860e+00  1.27281460e+00  1.24166934e+00
  1.32767282e+00 -4.36738748e+00 -6.67187744e+00 -7.09664398e+00
  1.11602706e+00  2.38266202e-01  2.97490803e-01  1.33445576e+00
 -4.28002973e+00  1.18834075e+00 -3.04910669e+00  1.65701256e+00
  5.39957660e-01  1.20853430e+00  2.90468637e+00  1.51942057e+00
 -2.35725498e+01 -1.62364799e+00  1.12443087e+00  1.56497915e-01
  1.19396425e+00  1.73657480e+00 -9.33505095e+00 -2.27396994e+00
  1.18712649e+00  1.76270655e+00  9.47616150e-01 -3.54904376e+00
 -2.16456759e+01 -2.32347874e+00  1.42280131e+00 -1.51625169e+01
  3.36284451e-02  1.53037285e+00 -5.85805984e-01 -6.81495850e+00
  1.50493499e+00 -9.30210967e+00  1.08431541e+00 -1.61949773e+01
 -1.90246754e+01  1.11870556e-01  1.25191549e+00 -4.14620617e-01
  1.09055842e+00 -3.88449861e-01 -1.66446261e+00  9.57158960e-01
 -2.16044531e+00  1.59664709e+00  1.30849616e+00 -1.19569733e+01
 -1.76359619e+01  7.92459657e-01 -2.87602968e+01  9.36843738e-01
  1.90409120e-01 -1.68565780e+01 -7.28339055e+00  9.08931013e-01
  9.59539571e-01 -1.87189579e+00 -3.52511764e+01 -1.84440737e+00
 -3.55308973e+00 -1.00648649e+01  3.18310880e-01  1.33486228e+00
 -8.09007626e+00  1.05920952e+00 -4.26631504e+00 -8.47356185e+00
 -9.92739328e+00 -5.54697796e+00  1.67579541e+00 -2.28056901e+01
 -4.93113780e+00 -8.03927501e+00 -3.38343904e+01 -4.01105960e+00
 -5.29360988e+00  5.89605407e-01 -3.09125195e+00 -6.62596057e+00
 -5.96793391e+00 -8.48742927e+00  5.82054716e-01 -1.29510366e+01
 -2.58789417e+01  1.30725364e+00  1.27475939e+00 -3.40402412e-02
 -9.76825575e+00  6.37719356e-01 -1.71976719e+01  1.29287512e+00
  2.54612804e+00 -6.60155247e+00 -1.12511997e+01 -8.94160101e+00
 -4.08229848e+00  1.97160342e+00  1.89599434e+00 -1.49834232e+00
 -7.73593570e+00  1.13146896e+00 -1.17192956e+01  9.90184530e-01
 -8.72471593e+00  1.35051683e+00  1.50378370e+00  1.13138081e+00
 -4.23180249e-01 -3.97655732e+00 -5.36853608e-02  1.50300750e+00
 -9.57170583e-02 -2.28602761e+01 -1.13923276e+00  7.29767893e-01
  1.46204348e+00  1.34793102e+00 -3.32424890e+01  1.32387143e+00
  1.34973713e+00 -7.01128884e+00 -5.90599642e+00 -7.15865842e+00
  9.66043779e-01  1.04822688e+00  1.84474467e+00  9.23198237e-01
 -2.64983593e+01  1.47139788e+00  5.76935932e-01  1.75943188e+00
 -2.04508958e+01  2.24854491e+00  1.10690295e+00 -9.53294473e+00
 -4.68031920e+00 -5.22306863e+00 -1.66228993e+01 -2.05247432e+00
  1.72081886e+00 -4.91152694e+00 -7.63711854e+00  1.06020028e+00
 -4.08428706e+00  7.08233751e-01  8.01576976e-01  1.26169006e+00
  1.98755163e-01 -1.25415272e+00  1.51332858e+00  4.75848358e-01
  1.66012682e+00 -5.43581636e+00  1.04674298e+00  8.54302635e-01
 -5.12163323e+00 -1.80336223e+01  1.24334715e+00  1.22984710e+00
  7.82975965e-01 -1.76666533e+00  1.64440849e+00 -1.01294466e+01
 -2.17206321e+00 -8.43296320e+00 -9.00537316e+00  1.07854891e+00
 -1.42875617e+01 -4.14725305e+00  1.08089252e+00 -9.73851870e+00
  1.03978472e+00  1.11147059e+00  1.39621853e+00  8.24281131e-01
 -8.65709664e+00  1.11012478e+00  1.42521735e+00 -7.77391044e+00
  1.00398336e+00  1.19779385e+00 -5.02060690e+00  1.66844621e+00
 -1.54435989e+01 -7.35195414e+00  1.37314018e+00  7.03616532e-01
  1.53975795e+00  1.37882709e+00 -1.62432713e+01 -1.65414533e+00
 -1.96742961e+01  1.27189007e+00 -9.68475716e+00 -1.62289051e+01
 -5.92130020e-01 -2.88611660e+01 -1.76329190e+01  1.38425909e-01
  1.46795923e+00 -2.08137727e+01  3.52078938e-01  1.06916727e+00
 -1.15274189e+01 -9.57449332e+00 -1.06730513e+01  9.88656761e-01
  3.33622989e-01  1.28703123e+00  1.41092158e+00 -4.76740110e+00
 -5.55086469e+00 -1.10376705e+01 -2.21809923e+01  1.27211562e+00
  1.00349172e+00  4.65591467e-01 -1.93719639e-01 -1.46258086e+01
  1.15665069e+00  1.36666492e+00  1.14804291e+00  8.87521251e-01]
GMM scores app1: [-5.50082387e-13  2.25185553e-11  4.72063720e-11  9.12364493e-11
  2.52621585e-12  8.07118051e-11 -1.96693723e-10 -9.27738564e-13
  1.25714686e-11  3.67888499e-13 -4.89409216e-11 -4.08325296e-12
  1.78244881e-12  1.01858515e-09 -2.01422525e-12 -1.07380206e-10
  8.64489094e-11  1.34798487e-10  2.74878380e-10 -2.26043233e-13
 -2.69732604e-11 -6.23385984e-11  8.12434856e-10 -2.16227401e-12
 -7.02226479e-11 -1.86810547e-12  3.66448767e-11 -4.02008956e-11
  3.63039935e-11  2.82192811e-11 -5.87203818e-11  1.81002619e-11
  2.09487744e-10  5.43431964e-11 -2.27133938e-14  1.87638073e-10
  2.44805187e-10  2.22416242e-13 -5.84708751e-11  4.73314971e-10
 -3.85356657e-12 -3.45760858e-11 -2.89791162e-11 -1.62266388e-12
 -1.14628543e-13  3.43629702e-11  7.76798766e-12 -1.84890373e-11
  3.31695294e-10  6.72158223e-11 -2.79580195e-13  6.90737175e-12
  5.04295793e-11  1.22283793e-10  4.75335835e-10 -6.29406197e-12
 -5.24217860e-13 -9.07229647e-12 -5.25828448e-11  6.88818383e-12
 -6.65970607e-12  1.36037436e-11 -5.39788647e-12 -6.59030063e-11
 -2.31825881e-12  1.24864034e-10 -4.77131224e-12  3.78391750e-12
  1.86644038e-10 -5.81781589e-14  8.81818945e-11 -1.40319213e-11
  3.37841070e-10  1.19981152e-10 -8.90246496e-12 -1.82543438e-14
 -3.98705354e-14  7.79627624e-11  7.36648453e-11 -2.09614670e-12
 -3.75015798e-12  2.07484725e-11  1.67235187e-10 -9.81876988e-11
 -8.65684299e-12 -5.09838839e-13  5.79925063e-10  4.77439956e-13
  1.89082202e-11 -3.05657973e-13  6.92292446e-12  1.61141143e-10
  1.92153316e-10 -3.39933019e-11 -4.47918192e-13  3.57153917e-11
  2.39671949e-10  9.05194100e-11  5.34914138e-10 -4.75173927e-12
 -1.97810099e-12 -7.10735555e-12  1.80021780e-10 -1.13036499e-13
  9.92486033e-11  4.53095418e-10  9.05444247e-12  6.64311530e-12
 -4.70900713e-12  8.27182186e-11 -4.79787992e-13 -7.96443977e-14
 -1.93974234e-12 -1.45169751e-13 -4.41255671e-12  1.22721610e-10
 -1.12419798e-11 -2.27566881e-12 -2.25611048e-12  3.43098648e-10
 -1.06838221e-11 -6.39844522e-14  9.68202478e-11 -9.07952332e-13
 -5.81198254e-11 -5.67938664e-13  7.02813836e-11  5.39850923e-10
  2.11104059e-12 -8.38119602e-14  1.04173590e-10  9.10439079e-12
  8.18388701e-13  2.00304334e-10  4.28593314e-14 -1.09448932e-13
  5.88311337e-10 -6.55817095e-13  2.21207594e-10  1.35474811e-10
  6.06095289e-11  1.01429382e-12  1.12317783e-09  3.89302033e-11
  1.77120496e-10 -4.95272222e-13  3.32098286e-10  3.37741899e-13
 -1.77905633e-11 -1.31279446e-14 -3.48069203e-12 -5.05492185e-14
  2.95492850e-10  8.17424617e-11 -4.06814638e-11 -5.98101421e-13
 -2.59696683e-13 -3.17369849e-11  3.15281424e-10  1.22387907e-10
 -7.22006175e-13 -3.54642792e-11 -1.25304996e-14 -4.42056862e-12
 -8.17578720e-12 -7.00909804e-12  4.07720630e-11  5.99788356e-12
 -4.17817357e-12 -8.65516896e-14  1.68644383e-09 -1.90242224e-11
 -8.47704729e-15  7.70034961e-10 -1.76482311e-12 -2.15618087e-11
 -2.76337773e-11 -4.40162328e-12 -2.01417663e-11  8.23658373e-11
  9.28767667e-14  6.51874682e-11  4.55938290e-10 -7.52363250e-12
 -1.10868270e-11 -2.77035365e-12  4.27484325e-10 -9.48450396e-14
 -5.20462307e-12 -1.38505144e-12  6.20940674e-10  1.16998684e-10
  9.41372800e-10 -2.29307328e-13  3.21473482e-11  5.99111353e-12
  3.43101891e-10 -4.69936739e-12 -4.45470873e-13 -1.71793010e-11
 -3.51333639e-11  4.11688180e-11 -1.63090521e-11  8.49728680e-12
 -3.36439607e-14 -6.29910601e-11 -1.13568329e-13 -2.98488591e-12
 -2.22198633e-15 -2.48078051e-11  2.09380836e-11 -6.89323312e-12
  2.84835130e-10  1.20778767e-10  2.12472927e-10  2.99662361e-12
 -2.01440724e-13  1.78260748e-11  3.52080901e-10 -2.10215136e-13
 -3.00813561e-13  1.74332109e-14 -2.89267351e-12 -4.39401905e-12
 -4.44283008e-12 -7.85063209e-13  4.25797683e-12  3.79434748e-11
  4.14110349e-15 -1.72198363e-13 -1.67743619e-11  9.21655130e-11
  1.24612150e-12  7.60649175e-11  3.17419876e-11  2.81991156e-11
  2.44926740e-10 -2.85588432e-11 -1.08189398e-12  1.62209631e-10
 -5.16046289e-13 -4.17615425e-12 -1.91195775e-10 -9.36169977e-12
  1.03559767e-10 -5.89442409e-11 -3.19252694e-14 -4.33072418e-11
 -1.68275163e-12 -1.66403020e-12 -2.38067527e-11  4.41701295e-11
 -1.66435987e-11  3.36737177e-13 -3.63580308e-12 -1.06150927e-13
 -6.76149428e-13 -6.16327298e-12 -6.95583838e-12 -1.21588048e-12
 -3.13656460e-11  3.45190222e-11 -4.92929711e-12 -7.43852657e-12
  1.88749700e-11 -2.71322724e-12 -2.85594277e-11  8.45705455e-10
  2.57080879e-12 -8.19676582e-15 -1.40743878e-12 -1.57101550e-12
 -3.79408523e-12 -3.27448770e-12 -2.17716383e-12  5.47773486e-10
  1.48576768e-10 -1.13686444e-14 -2.00826953e-12 -1.04613447e-12
 -1.02149570e-13  4.24987872e-12  3.58995205e-11  2.88788243e-10
  3.29715703e-10 -1.25712907e-11 -2.55522861e-12  2.45220215e-11
 -1.14767217e-15 -4.28718266e-12 -6.23756312e-14 -1.66968887e-13
  3.97559360e-12 -2.05303383e-12  9.42634906e-11  4.11444273e-10
 -2.75006488e-14  2.67524112e-12  1.46615925e-13  2.43416018e-10
  3.95182510e-10 -1.20746062e-15 -1.19949832e-11  7.76739667e-11
  1.54092854e-10  2.16034935e-10  1.26602153e-10  1.59391056e-10
  2.20706656e-11 -9.27133437e-13 -2.01607733e-12 -1.33846100e-11
 -1.52366776e-12  2.33279611e-11  8.24540672e-11 -2.66798889e-13
 -9.77064274e-11  1.04996524e-12  2.39836581e-10 -7.89175938e-12
  7.24819859e-11 -6.09760473e-11 -8.40290346e-12  2.13487341e-11
  1.60930353e-10  1.73609843e-10 -5.02082148e-11  7.68114541e-13
  4.90859685e-11 -7.18659533e-13 -7.36778742e-12  6.23954339e-12
  6.86187271e-10 -5.24828277e-12 -3.96530609e-11 -1.10329089e-11
 -1.41799639e-13 -4.52796004e-14  2.15533239e-11 -1.06994165e-11
  3.09330400e-11  4.36703961e-11  1.04845218e-10 -6.94353834e-12
 -9.48148083e-13  8.68218732e-10 -4.04058800e-14 -7.16864863e-12
 -1.38257547e-12  2.20886841e-10 -5.83267478e-12 -2.98352706e-12
  4.94948824e-12  8.84699121e-12  6.49931793e-10 -4.32070391e-12
  9.90862107e-11  2.36651945e-12 -8.79788430e-15 -1.88062457e-11
 -1.25332646e-11  3.78825202e-10  1.01175860e-10 -1.11811520e-14
 -1.65386168e-11  1.90015313e-09 -5.73800237e-13 -1.22142755e-11
 -4.35874052e-12 -2.55717658e-12  1.85764471e-11 -7.84642381e-11
 -6.16222578e-13 -3.83630372e-12 -1.74767761e-11  4.56603138e-14
  8.22702807e-12 -5.82503880e-12 -9.22015793e-15 -3.34799374e-14
  5.26759172e-10 -7.57233957e-12 -6.58918171e-12 -6.46314836e-13
 -1.23076173e-10  5.19512423e-10 -1.67649985e-12 -4.52679983e-12
 -3.28500515e-13  8.18992506e-11  3.67571957e-13 -1.99176122e-11
  4.47756423e-12 -1.28010285e-11 -2.04912185e-11 -7.89787971e-13
  6.48245884e-10 -9.02746808e-12  6.11821864e-11  1.03967271e-11
 -1.82250515e-12  1.58923427e-10 -7.29732330e-11 -1.16071879e-11
 -2.16087047e-12  3.51240683e-11 -3.17724514e-15 -7.97375267e-14
 -7.74060688e-14 -1.78302964e-12 -7.57405224e-15 -2.35647323e-13
  1.92195779e-11  1.26095984e-11  3.85165926e-10  4.27900832e-10
 -3.95797239e-12 -3.41409553e-12  3.04894227e-10 -2.30447122e-11
 -4.29928357e-14  1.31338548e-10  1.83268257e-11 -1.89774280e-10
 -7.01165894e-13  1.61975853e-11 -5.86345783e-12  1.82717642e-10
  7.28386265e-11 -2.28874715e-13 -2.59495053e-12 -3.75076661e-12
 -1.56411797e-11 -1.20369559e-11 -7.23539256e-12 -2.83948286e-14
 -1.45909389e-14  6.40135081e-10  2.30041264e-10 -1.47976448e-14
  1.76140570e-10  4.10414169e-11 -1.63336760e-11 -2.32867665e-11
  3.23183085e-15  7.28391324e-13 -1.19933332e-12 -1.61733724e-12
  8.80504621e-12 -1.71566450e-11 -1.73346547e-14  2.29976261e-11
 -1.43007122e-12  1.62273181e-11 -3.74599323e-12 -2.51456403e-12
 -5.26931009e-13  6.97207729e-10 -4.53238324e-12  1.95414569e-10
  4.25401799e-12 -3.20464030e-11  4.77517074e-12 -9.56851950e-13
 -2.78807513e-12 -3.42230024e-11 -2.52739525e-13 -5.33796498e-13
  5.20203162e-10  2.76416857e-10  2.90766831e-10  4.90878343e-15
  8.15940057e-11 -3.30521313e-13 -3.45066636e-12 -2.07186061e-11
  6.52524879e-10  2.99081295e-13 -1.09961210e-12  2.97139636e-11
 -8.84976410e-12  2.86327363e-10 -8.37207920e-13  8.04748649e-12
 -1.00067590e-11  2.89697954e-10  1.70532014e-12  4.19273609e-11
 -4.62684844e-13 -7.43353894e-11  1.73212707e-11  2.19749890e-12
  5.36596674e-10  2.82637159e-11 -3.96491729e-11 -1.26859565e-13
  2.88818910e-10  8.09901231e-11  8.75878309e-11 -5.83534991e-11
 -1.21057381e-12 -2.94957902e-11  1.92212213e-12 -1.79505576e-13
 -1.46481907e-13  4.48890520e-10 -7.28730619e-16 -8.88709441e-15
  6.64318596e-11 -8.27721266e-12  7.27999151e-10 -1.61016940e-13
 -4.62489679e-12 -2.04916513e-11  1.88144462e-10 -3.61649876e-12
  2.83655985e-12 -1.48192373e-11 -2.31087973e-12  6.31191855e-12
 -6.97872348e-13  1.64923017e-11  1.63417616e-11 -6.68491844e-14
 -1.39644019e-11  7.12176907e-12 -1.36612587e-12  2.80164687e-12
 -6.95889624e-11 -7.54784792e-12 -1.12056135e-12  3.51173206e-10
  7.30444155e-12 -1.05711855e-15 -8.90385069e-15 -4.14008583e-13
 -2.27102143e-11 -2.44228588e-12 -7.98035563e-11  2.00000185e-11
 -2.41315948e-14  2.26625787e-10 -5.26922208e-11 -3.68777399e-13
 -4.00924145e-12 -2.55701049e-13  8.67477992e-11 -1.51357858e-13
 -4.36048888e-11 -3.97634558e-16 -1.65124122e-15 -1.85310225e-13
 -5.29856686e-14  2.76333985e-13 -1.50541966e-11 -3.27285951e-11
 -3.36420690e-13 -1.17108178e-11  1.24586286e-11 -1.49005915e-13
 -1.72073174e-15  1.71650478e-10  1.04701988e-10 -2.45032227e-12
 -2.44269243e-12 -1.13822388e-11 -8.95388237e-17  1.78603292e-12
  1.25467540e-11 -5.04598811e-13 -6.06479648e-12 -9.71837558e-14
 -2.00816985e-13  1.12522694e-11  4.25311978e-11 -7.20728090e-13
 -1.06421373e-13  3.25472176e-11 -4.42851607e-13  6.56505891e-10
 -1.50875649e-12  3.14633111e-11 -9.83673199e-14  2.03007687e-11
 -9.15312150e-12 -1.69202282e-13 -6.53345490e-13  4.97883490e-12
 -1.70904315e-11 -1.53477363e-14 -4.16844029e-11 -5.61157912e-11
  1.85002854e-11  3.25894153e-11 -1.16552794e-12  4.03719830e-11
  5.04508519e-10 -2.40627712e-11 -8.84770457e-12 -7.45795992e-12
  1.44627344e-12  2.79886889e-11  2.48572940e-10  1.27066991e-10
 -1.33560786e-14  6.67544914e-12 -1.58205108e-13  5.61167361e-12
 -9.64388033e-13  4.15850191e-12  2.99000958e-12 -1.02193156e-12
 -4.45626060e-13 -1.10560446e-12 -1.23502745e-12 -3.14121557e-13
  2.78827978e-11 -9.59196911e-13 -6.50118055e-14  5.97560764e-10
 -2.24580710e-14  8.40096266e-12  7.73046612e-12  5.94717276e-11
 -8.69858504e-11 -9.57112401e-13  7.81206242e-11 -2.48071645e-13
  1.93721655e-11 -2.35962669e-11  3.34251502e-11  3.49836283e-11
 -4.38600350e-12 -1.94579872e-16  1.94300508e-11  8.10312356e-12
  9.79338392e-12 -3.40054839e-11  4.10095470e-12 -1.12923859e-12
 -1.74197081e-11 -1.11565501e-12 -8.10160689e-12  1.02404434e-10
 -1.22236616e-12 -4.81183374e-12  1.06466742e-11 -1.42745677e-12
  2.36466388e-10  1.04790762e-09  2.07164958e-10  4.24899546e-13
 -2.75165784e-13  4.83694993e-10  2.47304365e-10 -6.22959341e-12
  2.28532408e-11  3.17283518e-11 -1.59804316e-12  3.18741665e-11
 -1.89762878e-12 -1.11952830e-13  1.05701219e-10 -2.77640592e-12
  1.32941703e-10  3.68400115e-10 -2.26353432e-12 -1.35135843e-11
 -2.43503729e-14  1.79360300e-11 -5.15923364e-13 -7.26752406e-13
 -5.10222108e-13 -5.29835292e-14 -5.33294869e-12 -7.08763546e-14
  3.66588918e-10 -8.90215643e-13  1.13952898e-12  1.48309032e-10
 -1.30713557e-12 -2.63824893e-13 -1.39177179e-12  7.27428285e-10
 -1.49147088e-11  4.43408663e-12  1.56705621e-10 -4.85338477e-12
 -5.18860969e-12 -5.75667395e-13 -6.64579962e-13  4.10821181e-10
  6.44100679e-13 -4.23681441e-12 -1.11897001e-11 -8.21890525e-14
  5.23706780e-10  5.35065924e-10  4.48062436e-10  1.75186315e-10]
GMM scores app2: [-5.50082387e-13  2.25185553e-11  4.72063720e-11  9.12364493e-11
  2.52621585e-12  8.07118051e-11 -1.96693723e-10 -9.27738564e-13
  1.25714686e-11  3.67888499e-13 -4.89409216e-11 -4.08325296e-12
  1.78244881e-12  1.01858515e-09 -2.01422525e-12 -1.07380206e-10
  8.64489094e-11  1.34798487e-10  2.74878380e-10 -2.26043233e-13
 -2.69732604e-11 -6.23385984e-11  8.12434856e-10 -2.16227401e-12
 -7.02226479e-11 -1.86810547e-12  3.66448767e-11 -4.02008956e-11
  3.63039935e-11  2.82192811e-11 -5.87203818e-11  1.81002619e-11
  2.09487744e-10  5.43431964e-11 -2.27133938e-14  1.87638073e-10
  2.44805187e-10  2.22416242e-13 -5.84708751e-11  4.73314971e-10
 -3.85356657e-12 -3.45760858e-11 -2.89791162e-11 -1.62266388e-12
 -1.14628543e-13  3.43629702e-11  7.76798766e-12 -1.84890373e-11
  3.31695294e-10  6.72158223e-11 -2.79580195e-13  6.90737175e-12
  5.04295793e-11  1.22283793e-10  4.75335835e-10 -6.29406197e-12
 -5.24217860e-13 -9.07229647e-12 -5.25828448e-11  6.88818383e-12
 -6.65970607e-12  1.36037436e-11 -5.39788647e-12 -6.59030063e-11
 -2.31825881e-12  1.24864034e-10 -4.77131224e-12  3.78391750e-12
  1.86644038e-10 -5.81781589e-14  8.81818945e-11 -1.40319213e-11
  3.37841070e-10  1.19981152e-10 -8.90246496e-12 -1.82543438e-14
 -3.98705354e-14  7.79627624e-11  7.36648453e-11 -2.09614670e-12
 -3.75015798e-12  2.07484725e-11  1.67235187e-10 -9.81876988e-11
 -8.65684299e-12 -5.09838839e-13  5.79925063e-10  4.77439956e-13
  1.89082202e-11 -3.05657973e-13  6.92292446e-12  1.61141143e-10
  1.92153316e-10 -3.39933019e-11 -4.47918192e-13  3.57153917e-11
  2.39671949e-10  9.05194100e-11  5.34914138e-10 -4.75173927e-12
 -1.97810099e-12 -7.10735555e-12  1.80021780e-10 -1.13036499e-13
  9.92486033e-11  4.53095418e-10  9.05444247e-12  6.64311530e-12
 -4.70900713e-12  8.27182186e-11 -4.79787992e-13 -7.96443977e-14
 -1.93974234e-12 -1.45169751e-13 -4.41255671e-12  1.22721610e-10
 -1.12419798e-11 -2.27566881e-12 -2.25611048e-12  3.43098648e-10
 -1.06838221e-11 -6.39844522e-14  9.68202478e-11 -9.07952332e-13
 -5.81198254e-11 -5.67938664e-13  7.02813836e-11  5.39850923e-10
  2.11104059e-12 -8.38119602e-14  1.04173590e-10  9.10439079e-12
  8.18388701e-13  2.00304334e-10  4.28593314e-14 -1.09448932e-13
  5.88311337e-10 -6.55817095e-13  2.21207594e-10  1.35474811e-10
  6.06095289e-11  1.01429382e-12  1.12317783e-09  3.89302033e-11
  1.77120496e-10 -4.95272222e-13  3.32098286e-10  3.37741899e-13
 -1.77905633e-11 -1.31279446e-14 -3.48069203e-12 -5.05492185e-14
  2.95492850e-10  8.17424617e-11 -4.06814638e-11 -5.98101421e-13
 -2.59696683e-13 -3.17369849e-11  3.15281424e-10  1.22387907e-10
 -7.22006175e-13 -3.54642792e-11 -1.25304996e-14 -4.42056862e-12
 -8.17578720e-12 -7.00909804e-12  4.07720630e-11  5.99788356e-12
 -4.17817357e-12 -8.65516896e-14  1.68644383e-09 -1.90242224e-11
 -8.47704729e-15  7.70034961e-10 -1.76482311e-12 -2.15618087e-11
 -2.76337773e-11 -4.40162328e-12 -2.01417663e-11  8.23658373e-11
  9.28767667e-14  6.51874682e-11  4.55938290e-10 -7.52363250e-12
 -1.10868270e-11 -2.77035365e-12  4.27484325e-10 -9.48450396e-14
 -5.20462307e-12 -1.38505144e-12  6.20940674e-10  1.16998684e-10
  9.41372800e-10 -2.29307328e-13  3.21473482e-11  5.99111353e-12
  3.43101891e-10 -4.69936739e-12 -4.45470873e-13 -1.71793010e-11
 -3.51333639e-11  4.11688180e-11 -1.63090521e-11  8.49728680e-12
 -3.36439607e-14 -6.29910601e-11 -1.13568329e-13 -2.98488591e-12
 -2.22198633e-15 -2.48078051e-11  2.09380836e-11 -6.89323312e-12
  2.84835130e-10  1.20778767e-10  2.12472927e-10  2.99662361e-12
 -2.01440724e-13  1.78260748e-11  3.52080901e-10 -2.10215136e-13
 -3.00813561e-13  1.74332109e-14 -2.89267351e-12 -4.39401905e-12
 -4.44283008e-12 -7.85063209e-13  4.25797683e-12  3.79434748e-11
  4.14110349e-15 -1.72198363e-13 -1.67743619e-11  9.21655130e-11
  1.24612150e-12  7.60649175e-11  3.17419876e-11  2.81991156e-11
  2.44926740e-10 -2.85588432e-11 -1.08189398e-12  1.62209631e-10
 -5.16046289e-13 -4.17615425e-12 -1.91195775e-10 -9.36169977e-12
  1.03559767e-10 -5.89442409e-11 -3.19252694e-14 -4.33072418e-11
 -1.68275163e-12 -1.66403020e-12 -2.38067527e-11  4.41701295e-11
 -1.66435987e-11  3.36737177e-13 -3.63580308e-12 -1.06150927e-13
 -6.76149428e-13 -6.16327298e-12 -6.95583838e-12 -1.21588048e-12
 -3.13656460e-11  3.45190222e-11 -4.92929711e-12 -7.43852657e-12
  1.88749700e-11 -2.71322724e-12 -2.85594277e-11  8.45705455e-10
  2.57080879e-12 -8.19676582e-15 -1.40743878e-12 -1.57101550e-12
 -3.79408523e-12 -3.27448770e-12 -2.17716383e-12  5.47773486e-10
  1.48576768e-10 -1.13686444e-14 -2.00826953e-12 -1.04613447e-12
 -1.02149570e-13  4.24987872e-12  3.58995205e-11  2.88788243e-10
  3.29715703e-10 -1.25712907e-11 -2.55522861e-12  2.45220215e-11
 -1.14767217e-15 -4.28718266e-12 -6.23756312e-14 -1.66968887e-13
  3.97559360e-12 -2.05303383e-12  9.42634906e-11  4.11444273e-10
 -2.75006488e-14  2.67524112e-12  1.46615925e-13  2.43416018e-10
  3.95182510e-10 -1.20746062e-15 -1.19949832e-11  7.76739667e-11
  1.54092854e-10  2.16034935e-10  1.26602153e-10  1.59391056e-10
  2.20706656e-11 -9.27133437e-13 -2.01607733e-12 -1.33846100e-11
 -1.52366776e-12  2.33279611e-11  8.24540672e-11 -2.66798889e-13
 -9.77064274e-11  1.04996524e-12  2.39836581e-10 -7.89175938e-12
  7.24819859e-11 -6.09760473e-11 -8.40290346e-12  2.13487341e-11
  1.60930353e-10  1.73609843e-10 -5.02082148e-11  7.68114541e-13
  4.90859685e-11 -7.18659533e-13 -7.36778742e-12  6.23954339e-12
  6.86187271e-10 -5.24828277e-12 -3.96530609e-11 -1.10329089e-11
 -1.41799639e-13 -4.52796004e-14  2.15533239e-11 -1.06994165e-11
  3.09330400e-11  4.36703961e-11  1.04845218e-10 -6.94353834e-12
 -9.48148083e-13  8.68218732e-10 -4.04058800e-14 -7.16864863e-12
 -1.38257547e-12  2.20886841e-10 -5.83267478e-12 -2.98352706e-12
  4.94948824e-12  8.84699121e-12  6.49931793e-10 -4.32070391e-12
  9.90862107e-11  2.36651945e-12 -8.79788430e-15 -1.88062457e-11
 -1.25332646e-11  3.78825202e-10  1.01175860e-10 -1.11811520e-14
 -1.65386168e-11  1.90015313e-09 -5.73800237e-13 -1.22142755e-11
 -4.35874052e-12 -2.55717658e-12  1.85764471e-11 -7.84642381e-11
 -6.16222578e-13 -3.83630372e-12 -1.74767761e-11  4.56603138e-14
  8.22702807e-12 -5.82503880e-12 -9.22015793e-15 -3.34799374e-14
  5.26759172e-10 -7.57233957e-12 -6.58918171e-12 -6.46314836e-13
 -1.23076173e-10  5.19512423e-10 -1.67649985e-12 -4.52679983e-12
 -3.28500515e-13  8.18992506e-11  3.67571957e-13 -1.99176122e-11
  4.47756423e-12 -1.28010285e-11 -2.04912185e-11 -7.89787971e-13
  6.48245884e-10 -9.02746808e-12  6.11821864e-11  1.03967271e-11
 -1.82250515e-12  1.58923427e-10 -7.29732330e-11 -1.16071879e-11
 -2.16087047e-12  3.51240683e-11 -3.17724514e-15 -7.97375267e-14
 -7.74060688e-14 -1.78302964e-12 -7.57405224e-15 -2.35647323e-13
  1.92195779e-11  1.26095984e-11  3.85165926e-10  4.27900832e-10
 -3.95797239e-12 -3.41409553e-12  3.04894227e-10 -2.30447122e-11
 -4.29928357e-14  1.31338548e-10  1.83268257e-11 -1.89774280e-10
 -7.01165894e-13  1.61975853e-11 -5.86345783e-12  1.82717642e-10
  7.28386265e-11 -2.28874715e-13 -2.59495053e-12 -3.75076661e-12
 -1.56411797e-11 -1.20369559e-11 -7.23539256e-12 -2.83948286e-14
 -1.45909389e-14  6.40135081e-10  2.30041264e-10 -1.47976448e-14
  1.76140570e-10  4.10414169e-11 -1.63336760e-11 -2.32867665e-11
  3.23183085e-15  7.28391324e-13 -1.19933332e-12 -1.61733724e-12
  8.80504621e-12 -1.71566450e-11 -1.73346547e-14  2.29976261e-11
 -1.43007122e-12  1.62273181e-11 -3.74599323e-12 -2.51456403e-12
 -5.26931009e-13  6.97207729e-10 -4.53238324e-12  1.95414569e-10
  4.25401799e-12 -3.20464030e-11  4.77517074e-12 -9.56851950e-13
 -2.78807513e-12 -3.42230024e-11 -2.52739525e-13 -5.33796498e-13
  5.20203162e-10  2.76416857e-10  2.90766831e-10  4.90878343e-15
  8.15940057e-11 -3.30521313e-13 -3.45066636e-12 -2.07186061e-11
  6.52524879e-10  2.99081295e-13 -1.09961210e-12  2.97139636e-11
 -8.84976410e-12  2.86327363e-10 -8.37207920e-13  8.04748649e-12
 -1.00067590e-11  2.89697954e-10  1.70532014e-12  4.19273609e-11
 -4.62684844e-13 -7.43353894e-11  1.73212707e-11  2.19749890e-12
  5.36596674e-10  2.82637159e-11 -3.96491729e-11 -1.26859565e-13
  2.88818910e-10  8.09901231e-11  8.75878309e-11 -5.83534991e-11
 -1.21057381e-12 -2.94957902e-11  1.92212213e-12 -1.79505576e-13
 -1.46481907e-13  4.48890520e-10 -7.28730619e-16 -8.88709441e-15
  6.64318596e-11 -8.27721266e-12  7.27999151e-10 -1.61016940e-13
 -4.62489679e-12 -2.04916513e-11  1.88144462e-10 -3.61649876e-12
  2.83655985e-12 -1.48192373e-11 -2.31087973e-12  6.31191855e-12
 -6.97872348e-13  1.64923017e-11  1.63417616e-11 -6.68491844e-14
 -1.39644019e-11  7.12176907e-12 -1.36612587e-12  2.80164687e-12
 -6.95889624e-11 -7.54784792e-12 -1.12056135e-12  3.51173206e-10
  7.30444155e-12 -1.05711855e-15 -8.90385069e-15 -4.14008583e-13
 -2.27102143e-11 -2.44228588e-12 -7.98035563e-11  2.00000185e-11
 -2.41315948e-14  2.26625787e-10 -5.26922208e-11 -3.68777399e-13
 -4.00924145e-12 -2.55701049e-13  8.67477992e-11 -1.51357858e-13
 -4.36048888e-11 -3.97634558e-16 -1.65124122e-15 -1.85310225e-13
 -5.29856686e-14  2.76333985e-13 -1.50541966e-11 -3.27285951e-11
 -3.36420690e-13 -1.17108178e-11  1.24586286e-11 -1.49005915e-13
 -1.72073174e-15  1.71650478e-10  1.04701988e-10 -2.45032227e-12
 -2.44269243e-12 -1.13822388e-11 -8.95388237e-17  1.78603292e-12
  1.25467540e-11 -5.04598811e-13 -6.06479648e-12 -9.71837558e-14
 -2.00816985e-13  1.12522694e-11  4.25311978e-11 -7.20728090e-13
 -1.06421373e-13  3.25472176e-11 -4.42851607e-13  6.56505891e-10
 -1.50875649e-12  3.14633111e-11 -9.83673199e-14  2.03007687e-11
 -9.15312150e-12 -1.69202282e-13 -6.53345490e-13  4.97883490e-12
 -1.70904315e-11 -1.53477363e-14 -4.16844029e-11 -5.61157912e-11
  1.85002854e-11  3.25894153e-11 -1.16552794e-12  4.03719830e-11
  5.04508519e-10 -2.40627712e-11 -8.84770457e-12 -7.45795992e-12
  1.44627344e-12  2.79886889e-11  2.48572940e-10  1.27066991e-10
 -1.33560786e-14  6.67544914e-12 -1.58205108e-13  5.61167361e-12
 -9.64388033e-13  4.15850191e-12  2.99000958e-12 -1.02193156e-12
 -4.45626060e-13 -1.10560446e-12 -1.23502745e-12 -3.14121557e-13
  2.78827978e-11 -9.59196911e-13 -6.50118055e-14  5.97560764e-10
 -2.24580710e-14  8.40096266e-12  7.73046612e-12  5.94717276e-11
 -8.69858504e-11 -9.57112401e-13  7.81206242e-11 -2.48071645e-13
  1.93721655e-11 -2.35962669e-11  3.34251502e-11  3.49836283e-11
 -4.38600350e-12 -1.94579872e-16  1.94300508e-11  8.10312356e-12
  9.79338392e-12 -3.40054839e-11  4.10095470e-12 -1.12923859e-12
 -1.74197081e-11 -1.11565501e-12 -8.10160689e-12  1.02404434e-10
 -1.22236616e-12 -4.81183374e-12  1.06466742e-11 -1.42745677e-12
  2.36466388e-10  1.04790762e-09  2.07164958e-10  4.24899546e-13
 -2.75165784e-13  4.83694993e-10  2.47304365e-10 -6.22959341e-12
  2.28532408e-11  3.17283518e-11 -1.59804316e-12  3.18741665e-11
 -1.89762878e-12 -1.11952830e-13  1.05701219e-10 -2.77640592e-12
  1.32941703e-10  3.68400115e-10 -2.26353432e-12 -1.35135843e-11
 -2.43503729e-14  1.79360300e-11 -5.15923364e-13 -7.26752406e-13
 -5.10222108e-13 -5.29835292e-14 -5.33294869e-12 -7.08763546e-14
  3.66588918e-10 -8.90215643e-13  1.13952898e-12  1.48309032e-10
 -1.30713557e-12 -2.63824893e-13 -1.39177179e-12  7.27428285e-10
 -1.49147088e-11  4.43408663e-12  1.56705621e-10 -4.85338477e-12
 -5.18860969e-12 -5.75667395e-13 -6.64579962e-13  4.10821181e-10
  6.44100679e-13 -4.23681441e-12 -1.11897001e-11 -8.21890525e-14
  5.23706780e-10  5.35065924e-10  4.48062436e-10  1.75186315e-10]
